9.779284769618634243e+00
4.179958911953551848e+00
3.212628089564451006e+00
2.781939232574513809e+00
2.521983696361397964e+00
2.317483164400497397e+00
2.140868130341873510e+00
1.984310588985534807e+00
1.844338086451177361e+00
1.718717435254833115e+00
1.605697625090467540e+00
1.503788222428893429e+00
1.411693541447843314e+00
1.328286516684636265e+00
1.252585864633001700e+00
1.183731285334008287e+00
1.120961515703425393e+00
1.063599520962808187e+00
1.011044783556032556e+00
9.627693681274921422e-01
9.183140418425473905e-01
8.772823295082272654e-01
8.393323255945468464e-01
8.041673595907683492e-01
7.715269910867809111e-01
7.411794933070361413e-01
7.129163281032779853e-01
6.865484872314185916e-01
6.619042068756149089e-01
6.388274911054411254e-01
6.171770013305257763e-01
5.968250494395517247e-01
5.776565842351083502e-01
5.595681544049057043e-01
5.424668735082949222e-01
5.262694221302972597e-01
5.109011162768259950e-01
4.962950599135954044e-01
4.823913885516625810e-01
4.691366018603405075e-01
4.564829767179177655e-01
4.443880476090866782e-01
4.328141385444577161e-01
4.217279295930687066e-01
4.111000417449204303e-01
4.009046262801188587e-01
3.911189491179150046e-01
3.817229664558677293e-01
3.726988946794456137e-01
3.640307839412161850e-01
