4.011833494028976332e+01 3.290412941850384954e+01 2.534337591013203905e+01
7.109170477117532805e+00 3.636440134198253560e+01 3.824841383912857395e+01
2.486235063378076049e+01 8.204212594109620227e+00 4.028084273003798899e+01
5.215221653972227500e+01 1.005386626135586603e+01 3.601361454539500784e+01
1.989741921651644319e+01 4.929038686532997104e+01 1.886370891940553207e+01
2.350852729303023381e+01 1.861257917553535179e+01 2.132502578154735318e+01
2.812937812538977767e+01 2.884225124309305599e+01 4.138327704224578696e+01
1.815929067114952744e+01 5.375231399385046416e+01 3.807642346993973348e+01
4.608712860309903192e+01 2.669111647633819473e+01 4.126355530246952696e+01
4.513589492597331798e+01 1.667957489884884481e+01 2.178497752312249958e+01
1.556381995908371252e+01 3.350661041070883073e+01 2.358818703451268561e+01
2.749375984929144323e+01 4.126444922669232795e+01 3.126663793365019828e+01
5.412852505049659868e+01 2.570554377310060801e+01 2.925510617314055750e+01
3.810030093269799778e+01 1.279967192253480590e+01 3.426525606819208036e+01
2.808077672792347812e+01 7.677586833631472096e+00 2.699058685663384693e+01
1.915869855596923799e+01 2.486179563516663293e+01 3.247603110264380888e+01
1.059195745026367064e+01 4.477054984547297067e+01 2.652012097622541376e+01
2.803980263719321897e+01 3.119056675531310319e+01 2.260150860097406067e+01
2.007368575178706394e+01 3.879227629250535614e+01 4.002622610006856263e+01
3.745668287136004437e+01 3.413497005930207706e+01 3.698557946118288697e+01
3.111413978204723918e+01 1.753287201313009547e+01 4.212077352389094642e+01
3.546983123668935178e+01 2.197825075635863357e+01 2.043311347659138377e+01
4.977243093380950256e+01 7.480712406636273570e+00 2.506496677611673718e+01
4.737674007307561652e+01 3.394967971694121900e+01 3.323336193162826646e+01
1.768951612437345844e+01 5.439548508210174305e+01 2.771740807110093030e+01
4.561111229106690956e+01 1.593806112676274722e+01 4.126708187179118426e+01
1.171766521685863083e+01 4.583447242629151219e+01 3.807350422866919359e+01
2.504900495274677752e+01 1.662873409172924610e+01 3.177261778816833271e+01
4.690729290686621766e+01 2.634901408122698285e+01 2.176609425135061215e+01
6.935013899601086607e+00 3.459695074540121595e+01 2.814236314589308563e+01
2.119948675168858543e+01 4.106589148591054794e+01 2.338126537751555745e+01
3.674227173507995303e+01 2.492995025111369500e+01 4.236278568037083403e+01
5.236933741873750847e+01 2.067551514480049235e+01 3.711268092586902156e+01
2.228241688764281037e+01 2.019744055074011158e+01 3.969110776636915006e+01
2.130744082369674430e+01 4.721923289718749572e+01 4.351824693401744071e+01
4.699120325277385746e+01 1.507133177851777717e+01 3.065434420266941729e+01
3.295868137724012570e+01 1.524932407726601546e+01 2.578458985667520054e+01
1.283437168475211188e+01 3.056989625015430434e+01 3.489943083577264105e+01
2.300945802892550063e+01 4.931583447069881743e+01 3.172722377986649533e+01
2.839209307839914231e+01 3.585710864923187557e+01 3.724367047790141783e+01
5.215725050507459315e+01 1.903805111223845969e+01 2.517550330478292508e+01
3.375013316144195130e+01 3.704653934152812411e+01 2.849975773211482277e+01
2.184784341447354095e+01 2.573730250445615653e+01 2.440991063452080923e+01
3.042516662341402522e+01 1.142194774656296374e+01 3.560680774132244153e+01
4.457031675452192587e+01 8.948343001255567586e+00 3.770423890579704818e+01
2.201839732508406300e+01 3.181879328516549776e+01 3.648298866138389940e+01
2.223594767986720910e+01 1.195418212913122602e+01 2.488964524145891488e+01
1.290733371951980146e+01 5.033340924177025499e+01 3.142170435110497451e+01
2.833275099423902077e+01 1.297596382690498729e+01 2.063499086201612442e+01
4.009497174172786771e+01 1.428612312897973879e+01 2.646565611912425453e+01
1.025881053114370722e+01 3.878126469402126020e+01 2.254853184291968304e+01
2.221665027281855487e+01 3.368107725320694357e+01 2.622526320056871540e+01
4.921073384512089888e+01 3.186012770996105203e+01 2.669503061100941110e+01
1.377327678365052321e+01 3.574042803128452306e+01 4.115064633002509709e+01
2.403622575484527601e+01 4.388725747244257036e+01 3.724515825739447905e+01
8.357404024692920430e+00 4.082571468392387004e+01 3.309328333798517718e+01
2.792026895395805397e+01 2.389087298763484668e+01 2.050495345155781735e+01
3.475647001090059263e+01 2.857190101819390193e+01 2.140453327533638372e+01
3.763915202638531099e+01 1.789375265430135187e+01 4.185086782534155958e+01
5.188723791446562217e+01 2.717647831518723578e+01 3.750831026674563873e+01
1.633178301471090066e+01 4.918022582622469940e+01 2.419074597588388897e+01
2.349703246738504347e+01 1.440676704829516552e+01 4.187269971141702740e+01
4.043083162708470724e+01 2.952244413581930971e+01 4.030104914733857413e+01
5.036603148981546241e+01 1.328702030130045131e+01 2.201064097357318161e+01
4.470245884467929898e+01 1.003905815432113791e+01 2.763138669605305608e+01
1.602964090455344603e+01 3.082960847449701802e+01 2.912282155990185117e+01
2.803838635027370074e+01 3.638285130373451892e+01 2.638561225779321973e+01
5.150151434873797029e+01 1.489325978620822433e+01 4.001773944192832744e+01
2.238087813902857803e+01 4.655771586286323327e+01 2.632158555997096272e+01
2.306547286991071744e+01 1.246151430615701017e+01 3.571704433092660480e+01
5.219594058198210007e+01 1.902132963546375422e+01 3.122781412623651320e+01
3.066160840937655152e+01 2.355243855183899271e+01 4.279359414707665366e+01
3.917485245241268643e+01 3.521641439101703241e+01 3.132445196777372232e+01
4.214702666723158586e+01 2.184864529114950571e+01 2.108559295795624422e+01
4.111678698116459429e+01 2.781091660413359534e+01 2.165892601164786768e+01
2.267042087977640463e+01 2.613653746112573728e+01 3.952921618678742988e+01
3.385603631105205125e+01 3.085302801358049152e+01 4.035416128025595128e+01
1.578425849596685815e+01 4.312057318950186158e+01 2.311606556776300181e+01
5.142798082392634740e+01 1.163680538322963187e+01 2.866674222239702274e+01
1.465275423057787307e+01 4.143048880246990251e+01 4.022344226315149740e+01
3.143408051444244933e+01 1.797111794440979082e+01 2.093416608496682585e+01
4.407534754993624659e+01 2.130574663847877659e+01 4.178354402001338741e+01
3.083403161448025642e+01 1.470859371141165894e+01 3.092057080707997940e+01
2.116332494483597415e+01 2.038425041249231384e+01 2.984694638777040510e+01
5.187496514178377538e+01 3.088242892960359853e+01 3.147241177348680807e+01
1.653284096197758402e+01 4.884614799271696484e+01 4.000625133450777327e+01
4.626334882790962411e+01 3.129685324067638064e+01 3.832780556347724854e+01
4.360248842805254554e+01 1.380101186853375417e+01 3.551852468769274651e+01
9.796604404059893412e+00 3.317459901009193857e+01 2.377879467650013723e+01
3.416580558743983431e+01 3.326178289596978033e+01 2.394008082820801064e+01
4.824913966649959463e+01 1.069509982751697663e+01 4.108290078324836259e+01
5.174658653797660435e+01 2.450568885370509165e+01 2.474520693226589785e+01
2.581187829268923650e+01 1.194421930219914074e+01 2.897303955449822865e+01
3.081370708571146722e+01 3.748839972441894730e+01 3.291743360169642330e+01
3.589848973747556471e+01 1.301195536351683835e+01 2.958203926800024419e+01
4.493939137222852764e+01 3.074691993341910035e+01 2.364549421507049232e+01
4.718372489959198646e+01 1.069652067430923204e+01 3.340254437190237269e+01
8.164903906119812760e+00 4.045479985443006399e+01 2.801957056850176286e+01
1.040508872423271036e+01 4.541787082061737379e+01 3.251932553124979819e+01
2.606469252769308298e+01 8.677444733459667603e+00 2.203439804803755919e+01
2.805587094172808804e+01 1.157351694206069226e+01 4.226821389992471723e+01
3.623885438158252015e+01 1.684589486981487383e+01 2.198376924773732100e+01
4.411060790338764548e+01 3.459617821118025205e+01 2.945175651311200227e+01
1.614661735460898839e+01 3.241782909735467655e+01 3.822474612706082553e+01
2.984335078669252894e+01 7.952747461323877332e+00 3.910884542528877716e+01
3.303776295095967441e+01 1.515390846770508659e+01 3.750793729991982417e+01
4.589398928368260044e+01 1.127762407928516630e+01 2.250480535120044578e+01
2.622943208481087041e+01 2.055991738072020425e+01 4.256933143879074066e+01
2.701071629248309591e+01 7.947528212812991377e+00 3.511967165473397046e+01
4.952650816457268945e+01 2.284069496530395682e+01 4.043246627120158365e+01
2.020040650835885998e+01 4.990578142232572390e+01 3.591170471729322600e+01
2.583512288483763442e+01 4.281040484739629903e+01 2.699474730320024563e+01
8.482694131442061192e+00 3.252963840285642760e+01 3.566013700444906931e+01
4.153318409877287820e+01 1.317517802171164476e+01 3.099720771644323847e+01
2.143196509390433491e+01 4.517199058146494650e+01 2.104715678133446133e+01
1.875649016563060201e+01 4.366753415100122737e+01 4.025752045395344680e+01
1.009391434079795324e+01 4.149450862303535814e+01 3.838650785024906753e+01
1.815499045523446142e+01 3.765967121674863449e+01 2.255009061329405284e+01
1.337992580998195358e+01 4.972125604804246990e+01 3.599505003728154406e+01
4.889009638126371726e+01 7.130174836153660323e+00 3.823364872667519165e+01
2.518342249014737533e+01 3.912387955868311451e+01 3.745515606766734606e+01
5.211740639785597295e+01 1.452030448024229337e+01 3.517657091070007880e+01
5.031955335715641553e+01 3.122016208058219178e+01 3.569390261962875854e+01
1.906518587171796497e+01 5.147617831490030227e+01 3.137371160843245121e+01
2.131592886941770359e+01 2.046203178883630613e+01 3.435093024855758159e+01
3.317414756658016017e+01 3.515480721240719220e+01 3.791627810049023850e+01
2.239042526228692864e+01 1.616396286313936059e+01 2.643640077097054331e+01
3.130815054295518252e+01 1.110042403838642500e+01 2.585848815690987479e+01
2.062918988907147622e+01 2.967784659018998639e+01 2.733920419870036511e+01
4.356126148859679148e+01 3.373139465364539546e+01 3.579928929491522638e+01
6.331824716761349947e+00 3.689996434318582885e+01 3.293062263506966758e+01
4.933198557634050729e+01 2.037599991632310292e+01 2.209942616511477453e+01
3.408780962717223417e+01 2.101015820470366435e+01 4.264399497332600220e+01
8.696087133833653837e+00 3.214049560498391855e+01 3.143199752595410601e+01
2.453269269752824400e+01 3.907632332760874760e+01 2.506228738455711280e+01
2.445406486903336329e+01 2.869745047942334892e+01 2.290378565705611535e+01
2.291143793657226979e+01 1.668062401057035515e+01 3.539710441526951001e+01
5.445637343251022600e+01 2.686743180338973502e+01 3.328034282054238702e+01
5.241768637059895752e+01 1.458025892872780460e+01 2.544030525948007337e+01
3.093880132758377144e+01 2.704849617376569526e+01 2.057833159979768922e+01
7.092082336888840821e+00 3.709022443563588922e+01 2.477673384666978151e+01
2.721519741605650111e+01 1.713617095952674063e+01 2.022978717537812443e+01
2.513816110324481201e+01 3.080564856261539575e+01 3.900005384855221280e+01
5.183633519988288185e+01 2.867259979898069844e+01 2.652507245257576329e+01
1.222058749665957222e+01 3.082059864415082728e+01 2.760696697162311608e+01
2.617445402140775812e+01 4.439482810106402155e+01 3.356111739169931241e+01
4.109577149424660547e+01 1.793238997658305323e+01 2.158597276043014901e+01
3.382072096439770803e+01 1.376678620060184599e+01 3.349756604700216656e+01
2.818181982261524254e+01 1.442135326965050268e+01 3.405729645254029236e+01
4.172104542082946921e+01 1.599034522606046416e+01 4.015779948732400584e+01
1.888673086806174695e+01 3.054155976826172036e+01 3.427008216237205573e+01
2.729326836129839151e+01 1.648359306052144646e+01 4.282179363855289722e+01
3.942841841290034210e+01 2.147959007138794618e+01 4.219533395461463243e+01
2.284751767179649207e+01 3.562933916724358596e+01 3.746625956336333729e+01
1.004178415626058829e+01 3.720392276646614249e+01 4.085542027800506304e+01
2.366650150507333450e+01 1.279030091162564808e+01 2.123609837606328554e+01
3.184197237277119186e+01 2.729789226656221501e+01 4.213961311953554656e+01
2.105799194332371016e+01 4.821285387559141355e+01 3.938854461899953918e+01
2.989706947604109999e+01 3.211724082766735222e+01 4.003656085489581784e+01
2.092447948978812278e+01 2.343605615506804796e+01 3.723421076933015428e+01
4.844339543123187042e+01 8.285232407894868700e+00 2.869002950440944488e+01
2.588653397598072559e+01 2.442206986567103399e+01 4.191617250635237468e+01
2.189797974429091099e+01 2.003245659379976118e+01 2.596577382265007117e+01
1.757661191464434225e+01 3.578888067208639967e+01 4.025728126816309072e+01
1.535579430338658824e+01 5.128866381882425429e+01 2.805626400903162221e+01
5.081221480211009123e+01 1.898463658272779853e+01 4.025201057031321028e+01
2.010484416769062577e+01 4.947670301728398101e+01 2.506821119554648902e+01
4.460039332684559810e+01 1.214668150445712769e+01 3.989693988090710519e+01
2.981363131161092994e+01 9.397714877397577382e+00 2.267670673045131480e+01
1.617630923219012828e+01 4.740024474741289140e+01 2.080949625457684959e+01
5.088276513207004115e+01 1.529027332100856285e+01 2.961929265722820759e+01
3.122833658153204439e+01 1.397894227757952734e+01 4.074501875336730450e+01
4.011589330272131804e+01 1.445618394234355009e+01 3.704146765922385498e+01
3.153857911460034202e+01 2.278434756719577337e+01 2.022158200890740076e+01
4.360732286396833501e+01 1.378175548035368791e+01 2.418214309214064883e+01
3.704302433047237741e+01 2.540568983243698753e+01 2.069400003122141385e+01
5.341634562901694494e+01 2.259350974359492170e+01 3.404027337624230398e+01
2.271171853553975595e+01 2.204717673966086977e+01 2.264821305571796728e+01
1.690645037695826147e+01 4.716004114420144333e+01 4.334424477413809740e+01
1.190291767004797663e+01 4.818073511177896506e+01 2.735529161052387082e+01
1.446413351872821451e+01 3.972432186770809182e+01 2.228924938856056315e+01
4.043390087144290135e+01 2.613296940058925344e+01 4.185973455812592192e+01
3.180075042679584385e+01 3.605047177553185378e+01 2.551195044252286692e+01
2.572241639553465475e+01 3.299565232365685574e+01 2.483621959265570212e+01
1.616768142505602768e+01 5.243112053117175719e+01 3.526473706500619443e+01
2.461910528939930032e+01 4.655849546086635371e+01 2.924025658835006425e+01
2.676255255011336942e+01 3.931068412246040111e+01 2.825076936170512099e+01
1.077590661513496073e+01 4.207601057023405389e+01 2.407765709130423915e+01
1.501115503843796262e+01 4.525443659082920078e+01 3.951307328767774862e+01
1.959923572643926093e+01 2.388894830377785894e+01 2.904076645710000193e+01
2.741174859243925610e+01 2.738857092621854150e+01 2.115148755303070160e+01
2.467690916509134880e+01 8.861766941523312013e+00 2.753200734439851516e+01
1.793307764417672701e+01 3.221952427096409366e+01 2.642220427939479066e+01
4.811018270437752165e+01 3.366102971713517178e+01 2.973808302705616313e+01
2.002633426449544984e+01 2.728615275097129711e+01 3.522085572747878501e+01
3.865955775806003913e+01 3.055194956166380393e+01 2.309246540219005794e+01
3.690320482950559722e+01 1.493935435668585043e+01 2.504501353877837033e+01
4.397653298309882786e+01 1.351265704328958606e+01 2.768827896710821435e+01
1.265280727995473953e+01 3.143047190943278935e+01 3.831662735703033462e+01
3.150093635053733010e+01 1.364175075528073400e+01 2.301980792964575784e+01
4.027418644609785758e+01 3.232599840726633289e+01 3.803235172938664022e+01
4.888376633382866032e+01 7.874132376458736537e+00 3.459828388447771630e+01
2.262983165746398839e+01 1.088108683168154300e+01 3.992075281081113047e+01
5.123529201799407673e+01 9.501222768812377595e+00 3.934931310580017794e+01
2.691184949493872836e+01 4.095934845492500642e+01 3.502281325115185240e+01
1.859964169869532924e+01 2.819911140440406427e+01 3.157081194260887003e+01
1.185499051392188363e+01 3.058854959595218048e+01 3.154106311485979930e+01
4.853152209323025801e+01 2.857494973059983323e+01 3.968643936350768797e+01
4.921847039008563485e+01 1.651789791790806206e+01 2.160912741084833044e+01
4.946133214834776481e+01 9.773484212816331507e+00 2.250315808410466900e+01
4.543992789757665207e+01 2.276436090980806881e+01 2.131211848155146882e+01
2.270364699766953720e+01 4.127255398600468084e+01 3.901037779687368356e+01
1.394064167384457598e+01 3.597239403155521131e+01 2.187051983819361567e+01
5.012605122178288042e+01 1.241945407978818849e+01 3.334692936415165576e+01
2.775530471287389744e+01 1.519493476556609934e+01 2.955246303913380146e+01
4.828002930378293911e+01 2.904140651954966401e+01 2.331209082447855252e+01
1.788478800461036755e+01 5.211072197349491830e+01 2.478740190985363157e+01
2.418415639788994298e+01 1.792585489591003522e+01 4.224537603360653293e+01
3.622934246424197369e+01 3.625009174361220232e+01 3.249809033141755066e+01
2.681319194503891978e+01 3.759415007886645554e+01 3.490157948903718932e+01
1.266181684710686994e+01 4.591240403940687997e+01 2.419924142256540023e+01
4.509215689764950241e+01 8.738594689726387088e+00 2.462037810633265522e+01
3.886048494351322091e+01 2.020937077809032090e+01 2.083161621029097788e+01
3.050349667445926372e+01 3.740205357697825406e+01 2.847965781108543126e+01
2.007072122581025297e+01 3.526791725149562495e+01 2.435488672997874460e+01
2.346648378599670792e+01 4.727861446949910373e+01 3.422329913395807921e+01
3.707641439078781787e+01 2.802511379350585585e+01 4.143876286059309422e+01
3.106069789354117106e+01 3.273136823795793049e+01 2.316592824065586598e+01
3.827375105935634281e+01 3.511336073762416277e+01 2.821108444686877803e+01
2.998628293725569449e+01 1.345333427917094227e+01 2.797477858090947223e+01
4.204913464287297131e+01 3.463203881745852897e+01 3.308544073955774678e+01
1.023957615077767436e+01 4.396836407184091655e+01 3.589629058363998126e+01
4.793977677259435666e+01 1.208939834691350335e+01 2.987981955984499294e+01
1.145484967915527363e+01 4.731115561362023669e+01 3.507938219073716368e+01
4.312658505083857108e+01 3.353587387627559480e+01 2.658126438996078633e+01
3.187418193895575769e+01 2.993255210621704521e+01 2.181531517530821418e+01
3.119112275657366240e+01 3.691772473023709722e+01 3.605456534363236187e+01
2.201390240206218607e+01 1.406143917661976417e+01 3.828556971730206016e+01
2.445551181294313636e+01 2.455265425947102287e+01 2.167969323463004372e+01
9.165670058613169857e+00 3.197468301836292426e+01 2.827634280533343869e+01
7.514758955352302650e+00 3.903859475797528233e+01 3.656975420263807308e+01
2.465867685891140226e+01 1.489648184042454915e+01 2.879931140208016416e+01
4.755189701771765698e+01 2.051999077838087970e+01 4.129423760536468535e+01
5.235144282384199244e+01 1.752937968970614335e+01 3.612695878558536577e+01
3.613910272675466473e+01 3.483098545022378545e+01 2.584069195931405005e+01
1.948725052088830267e+01 5.182634599533230357e+01 2.785631606348217559e+01
4.383470357387014360e+01 3.001050252767630866e+01 3.981037456879627001e+01
3.689661609380807050e+01 3.104260317826794946e+01 3.970268490753890234e+01
5.237675683077626587e+01 1.259608318593438447e+01 3.810447804977920327e+01
9.974861192472712190e+00 4.404816552853335310e+01 2.946762275676979215e+01
2.724374846742552947e+01 2.087790625868457184e+01 2.035648554180572845e+01
3.638716885075130136e+01 1.387959466494903893e+01 3.660106019059648474e+01
2.672393601152607445e+01 1.169664043029318456e+01 3.398159292756403715e+01
4.402181954007860298e+01 2.439397409675476425e+01 4.182901720165201453e+01
2.503314446694552231e+01 2.815502982818898658e+01 4.055756653071853890e+01
4.504498447259143035e+01 1.971178078531074718e+01 2.137092668050065924e+01
3.477800913807168115e+01 1.592895059762480514e+01 3.990390458373641991e+01
2.902093428549901333e+01 2.611055035622127107e+01 4.245722129240414944e+01
1.680289956892868020e+01 3.067348302178292130e+01 3.205735748167975174e+01
2.249384927032311055e+01 4.360446680390854368e+01 2.441689972941399134e+01
1.908852545091844277e+01 3.249665098792181084e+01 3.672528794188917090e+01
3.117041989481365505e+01 1.489215496994404120e+01 3.437936493824727080e+01
1.011622963796592600e+01 3.564852491878288276e+01 2.211174469109937846e+01
1.853639187041317982e+01 4.533892866446198155e+01 2.029146221500742087e+01
2.269444001809810629e+01 2.960774395037815410e+01 2.517928068808298292e+01
6.851783576251627039e+00 3.869967689327658888e+01 3.004636749123040929e+01
4.922726617602604904e+01 2.461009451924973490e+01 2.245495963366519376e+01
5.314705376554639571e+01 2.508660340720890858e+01 3.583315438065626779e+01
1.592782318922410489e+01 5.167901037768440631e+01 3.092644424535161818e+01
5.369579226082478840e+01 2.258180378948955891e+01 3.110156281819633861e+01
1.732253719163991690e+01 3.972275866633739838e+01 4.054320150903266295e+01
2.478160731588368293e+01 3.648021651179241331e+01 2.639344489385614523e+01
2.337217941984617298e+01 1.569138253933669702e+01 2.122636888231474117e+01
2.207710243770076275e+01 3.805209061847407526e+01 2.389142735852468746e+01
2.098605485796114678e+01 4.458534138706484384e+01 4.238169011330777636e+01
4.374777700424419891e+01 1.845187848673445785e+01 4.152070768595929451e+01
2.205613548525584022e+01 1.914588519307728021e+01 3.679814883097365197e+01
5.320774341296083065e+01 2.350037426214217717e+01 2.765908166958866232e+01
3.428436331015678462e+01 2.470190899263022288e+01 2.033766865929329626e+01
1.388208522238049625e+01 4.801507140585633948e+01 3.823287802118190370e+01
1.601936309173095907e+01 5.031742640922156795e+01 3.717839718770459001e+01
2.342021310341871043e+01 9.668773294492090997e+00 3.614276336154259184e+01
3.865602004166058947e+01 1.261868699858626997e+01 3.015984728513325308e+01
2.709718917624742218e+01 7.304564126068593843e+00 2.434903218623295729e+01
4.347509127606837609e+01 2.480450083522537597e+01 2.114566156178507939e+01
2.015672790058262720e+01 4.942825246427307917e+01 2.223233193328270829e+01
4.842105252292569872e+01 1.607361183638138158e+01 4.154078450512407272e+01
5.124347211644516875e+01 3.108760992889319397e+01 2.872683953113045519e+01
2.041191605243149709e+01 2.558077499754683259e+01 2.682926453663515431e+01
2.339267917843667988e+01 1.250441154989764314e+01 2.764629445991197443e+01
2.438921167142494184e+01 1.174645895862206757e+01 4.207705115467067003e+01
5.249674140609413087e+01 1.941839175234660431e+01 2.846017365109975472e+01
2.294762229671248122e+01 2.921322566256249331e+01 3.825581772963570870e+01
4.685980619787379453e+01 8.550252384347551526e+00 3.992490051989049960e+01
5.086621310726881973e+01 2.501364794951190618e+01 3.926952529822020210e+01
4.933972390714930611e+01 1.642471900179615218e+01 3.166162840509711884e+01
1.096036462352117802e+01 3.456508833800796054e+01 4.087957367967221245e+01
4.390877270908052310e+01 1.417621350771226574e+01 3.205170244666466317e+01
4.852202158587135017e+01 2.543920958171169033e+01 4.079692705543492082e+01
1.820441728946393312e+01 4.042280488216410106e+01 2.266098927055933743e+01
5.152596153432330794e+01 1.671546729602071224e+01 2.311520597209718275e+01
2.515803329367049201e+01 4.691241395273281967e+01 3.192305756704185882e+01
7.852963438141463470e+00 3.363659277350613053e+01 2.573479755880830311e+01
2.649435182699881608e+01 1.385951558043496590e+01 4.277120556114179095e+01
4.532683801290026793e+01 8.847930418125603325e+00 3.507462131542466466e+01
1.891732264721112600e+01 4.971645125400626597e+01 4.100223309046390341e+01
1.436308266681354517e+01 4.978186908428205015e+01 2.601652692829169311e+01
3.673594375403335732e+01 2.045219819563097730e+01 4.237470046311200633e+01
1.902149026986943170e+01 5.374303133209625116e+01 3.549938631847999204e+01
5.129712126925163318e+01 1.651692434523117115e+01 3.352823470909493864e+01
6.881020340891314646e+00 3.488835533902101105e+01 3.599588824957845645e+01
5.278329508492131339e+01 2.865111764327675914e+01 3.442479263848439786e+01
8.874074681293771860e+00 4.045339435096403236e+01 2.505761909061185833e+01
4.797985012461256815e+01 3.281055013143517840e+01 3.558781919259749316e+01
4.262516272008217300e+01 3.192752039581026935e+01 2.449905186100474097e+01
3.874945202147536349e+01 1.636566608453718530e+01 2.271544086618476399e+01
7.897336219406855484e+00 3.383035202895663218e+01 3.825634171101430780e+01
1.171329945957308283e+01 3.150695090169779178e+01 2.509794395573460335e+01
2.888854726362412606e+01 3.769873165485462607e+01 3.110896474548457746e+01
3.910488472048167097e+01 1.553784661752430374e+01 3.923696192519908266e+01
5.054944517102001811e+01 2.799959150976429356e+01 2.431213667360978548e+01
4.646553420298398152e+01 7.264907100539202744e+00 3.686233791788281877e+01
2.012226156619624717e+01 2.174021621805346172e+01 3.186464350067821982e+01
4.563847537373147389e+01 1.410065068082076323e+01 2.205541197441825574e+01
3.792467591017955186e+01 2.841725689510753483e+01 2.172871099714286558e+01
2.100045551845933289e+01 4.663654590346332895e+01 1.890787595378704111e+01
6.563229194944381284e+00 3.716680905756506093e+01 2.734717197766620700e+01
5.090995258053407468e+01 2.235371596009002104e+01 2.353503235749791145e+01
1.693129352818262490e+01 4.526585998759816221e+01 4.126615039222986070e+01
4.087379771419796270e+01 1.934545103834459212e+01 4.186432509418519743e+01
1.321242265281818895e+01 4.329947936965187694e+01 2.341510276311114325e+01
3.353072985805901851e+01 1.380260894419349782e+01 3.029185164632092864e+01
1.562905645353522210e+01 4.624176698129765128e+01 2.306541209337849097e+01
4.692688150015626292e+01 3.307211101390655017e+01 2.688155649656328450e+01
2.581753878323239704e+01 1.385799803178606560e+01 2.026429524255399528e+01
4.735569393948304651e+01 8.241185550626324741e+00 2.346607583587458379e+01
5.257493606065625613e+01 1.942281854147806541e+01 3.438004735944068102e+01
4.168378718561716312e+01 1.601453325295839747e+01 2.320959786432300831e+01
7.098660557649033365e+00 3.389770170695846474e+01 3.243383098641311335e+01
5.070647632942201000e+01 8.144073576667016923e+00 2.737251690086444356e+01
2.223159850378011626e+01 1.960697702040175372e+01 2.344803476015888322e+01
2.117743415524004646e+01 2.934491918179647030e+01 3.625278999274196678e+01
2.313423310250501430e+01 3.798880019511801009e+01 3.851521692926775131e+01
4.104432668283362773e+01 3.468607662103234901e+01 2.964404238778540446e+01
4.058143465505425951e+01 1.338425581027099653e+01 3.475963522221091040e+01
2.998830910034422104e+01 9.411442752025484637e+00 2.726189455193336286e+01
2.778018331830991983e+01 1.036558424379036758e+01 2.116564169020325537e+01
4.473526018322652931e+01 1.162250915390683303e+01 3.481049997260721085e+01
2.285549332157449598e+01 9.477839360978423500e+00 2.486844444699994483e+01
3.591458774051616132e+01 3.048435335329639884e+01 2.263461392009839912e+01
1.850996254148420661e+01 5.182426405026544103e+01 3.389685710991434320e+01
2.779955149855194918e+01 3.444503851522922844e+01 2.472760289773186315e+01
3.968654042164871498e+01 3.412769777478526123e+01 3.577994202797734147e+01
5.332133724614745773e+01 2.888590098723080146e+01 3.088327792336630395e+01
1.284251602884009991e+01 5.004561209137656164e+01 2.878916359022190719e+01
1.770572038631183531e+01 4.803013213432514306e+01 1.876777517584099542e+01
1.592826774238199938e+01 5.348078950423394673e+01 2.615248771200916522e+01
1.795157425557048825e+01 3.383568225091264736e+01 2.432237352257602936e+01
4.961507013853895387e+01 3.281944969466548656e+01 3.306823354273031157e+01
4.383500491372993935e+01 1.161052834913114751e+01 2.541969975152663253e+01
4.497765385262505333e+01 3.458893745510663820e+01 3.290041336234888547e+01
3.366390831319944965e+01 1.603167848713754040e+01 2.351394233620529661e+01
1.477400070805972199e+01 5.132545601958796055e+01 3.311405445621111454e+01
2.749103655965683757e+01 3.146617860142536216e+01 3.992449281144199347e+01
3.396547750248382158e+01 3.707101875264186219e+01 3.314819148864097542e+01
1.522768472481879343e+01 3.058514542362262034e+01 3.398786077319679322e+01
2.790858729922387482e+01 9.213305501844809342e+00 4.147953543719614089e+01
3.555816233486263656e+01 3.558586656890457789e+01 3.629471758318074137e+01
3.110182016368174729e+01 1.009638970597478291e+01 3.919438373262256192e+01
9.600318728938129098e+00 4.313712040509991397e+01 3.193901233553300756e+01
2.332694748727319833e+01 1.806208443606957204e+01 3.069730142838284337e+01
6.406904040031165870e+00 3.586338576853656690e+01 3.020309708648534297e+01
2.224500007872466512e+01 1.715713659256952184e+01 2.287686830968128859e+01
2.878211851241885100e+01 7.535025972778600867e+00 3.679184767095213004e+01
3.048430192539691319e+01 2.957497056919124745e+01 4.126185786765463348e+01
2.221564039290985448e+01 4.441864429924549995e+01 3.882191571455587820e+01
2.852370362049450847e+01 1.968103252256046076e+01 4.277164607918022909e+01
1.932769502649800231e+01 4.265553245454189835e+01 2.321722082774389406e+01
1.173225114434531768e+01 4.851940499779402671e+01 3.259788624023852321e+01
1.607380908930757712e+01 3.763097641614474753e+01 4.089174160123649671e+01
3.097660701868833755e+01 3.404454527998075974e+01 3.895342277460672875e+01
1.533762144576419573e+01 3.387832445072402976e+01 4.003104594087468371e+01
5.111929871121989777e+01 7.964426951588129633e+00 3.743609819039734532e+01
2.413929498873145718e+01 3.361333570713473051e+01 3.693565868133583763e+01
4.753227823278624697e+01 7.181431402361560856e+00 2.670157868448227845e+01
3.485182448948531686e+01 2.341858123530388625e+01 4.268191156686944510e+01
2.364872975976331659e+01 2.124307863224480641e+01 4.141889234157144983e+01
1.510429999780689947e+01 3.105453966864104132e+01 2.688130781817977422e+01
2.551455172576764951e+01 4.150495476324829980e+01 3.706683085783046749e+01
2.938982129463617810e+01 1.973669272711973832e+01 2.027453214474636312e+01
2.491064991029114495e+01 2.136832419511949155e+01 2.082037107146038935e+01
2.540851334366785252e+01 1.535954312843761826e+01 3.381176941571418837e+01
4.358832837710973962e+01 1.429243328789411649e+01 3.939559176996731082e+01
2.907684462474604459e+01 2.928906983742072967e+01 2.151250307395002181e+01
4.785207486524811316e+01 1.851051511280969208e+01 2.146742793414753336e+01
1.521725702438808625e+01 3.106554475932616199e+01 3.644808415354905407e+01
2.699924137252979861e+01 7.369160495615963313e+00 3.955572035429833022e+01
3.382185631314574437e+01 1.822491309843598728e+01 2.108752554144087554e+01
3.782284726952531884e+01 1.312670277929958473e+01 2.796110386710203244e+01
1.273284600420319634e+01 4.000890034352340052e+01 4.046503594555023398e+01
5.242420400801037061e+01 1.242003467158970587e+01 2.648023042507432834e+01
5.194058179321057622e+01 1.269386192208832576e+01 2.370967913150290229e+01
1.976717713423315459e+01 2.452095447719896626e+01 3.474570302361476593e+01
2.200607403958544595e+01 1.422368826989482038e+01 2.423173893371237142e+01
5.243260029645031750e+01 2.212897069948511586e+01 2.589037824116810071e+01
2.156356950089576685e+01 4.755090926903888970e+01 2.193145206885986909e+01
3.288561293172875111e+01 2.085264596651094493e+01 2.038383407997354624e+01
1.432129635335301820e+01 3.188487421875458594e+01 2.476677159316190568e+01
1.284839644891003374e+01 4.278530160924930925e+01 3.957678531206911998e+01
3.134530513269238128e+01 1.323806637813073017e+01 3.676436271105924902e+01
2.204723223390359266e+01 4.631312600945588542e+01 2.401676576663952645e+01
2.979747441751659309e+01 1.630473245013479655e+01 2.088907948948586224e+01
3.398569831366018690e+01 2.814685785287356268e+01 4.176442859813471387e+01
4.847909147352589088e+01 3.059406944115106342e+01 3.814521117706198083e+01
2.212620470491768288e+01 1.798560430022257961e+01 3.900257030226499211e+01
3.493970683341532180e+01 1.437282974000403257e+01 2.660962575635176819e+01
1.169319428878051959e+01 3.398298450105158963e+01 2.244283991780620724e+01
4.571264349910436664e+01 1.153588224232663961e+01 2.907920636530360170e+01
1.855963322948604244e+01 4.796494225877756890e+01 4.474242852951486071e+01
3.186144989188024468e+01 3.746847412380160591e+01 3.034632899292516584e+01
2.867973687967234397e+01 3.384029350272369641e+01 3.888361668352732892e+01
1.590500937241872492e+01 3.744407087293464542e+01 2.210251958178396947e+01
2.317341751912919534e+01 1.735294794628471848e+01 2.823895012065025867e+01
3.164396283859234771e+01 1.491470062980924105e+01 2.859241408816166441e+01
5.253603879649527642e+01 2.321179928597051756e+01 3.700638932911418522e+01
3.935678148564325340e+01 2.376979264160142691e+01 4.227166773061495775e+01
4.912753766788214449e+01 1.278574568827723645e+01 4.136451779105993865e+01
2.618576825672757380e+01 4.404518104889970687e+01 2.888047907833244565e+01
2.229338860274264178e+01 1.171560309018153845e+01 3.782604996197785141e+01
4.833459860170517430e+01 1.230979692501192524e+01 2.169150259429934025e+01
8.370086876594408309e+00 3.490893170764683617e+01 2.341630104890524677e+01
3.668304939214706195e+01 1.266524172906346735e+01 3.249398276124512819e+01
2.434936923476041315e+01 4.258044223420047558e+01 2.523416536815497224e+01
4.233453173034918393e+01 2.274220761654721557e+01 4.198868900881263500e+01
2.021305947994538244e+01 3.894352007183624664e+01 2.297430172599574050e+01
1.944392805549549763e+01 2.851300661745435150e+01 2.886664362503145398e+01
4.459007440303644643e+01 3.254803930957345415e+01 3.740319775760774235e+01
2.700441007891425826e+01 4.169740209594530000e+01 2.855143770417795324e+01
3.610691538840330139e+01 3.315625461289392462e+01 3.847808535722875689e+01
3.441222431720360220e+01 3.609637572244284343e+01 2.648372460346179835e+01
2.324718301469546589e+01 1.807998598992697126e+01 3.369408267090291531e+01
1.247555451995395615e+01 4.063256885174872224e+01 2.272435043828149404e+01
2.203890954243212619e+01 2.344305416398250941e+01 3.916420053557826009e+01
1.198658580426996778e+01 3.752120802834840418e+01 2.194451791847422584e+01
1.712103677464568818e+01 4.939153367121211602e+01 2.057203465764355954e+01
1.028645722222972125e+01 3.114557146078599459e+01 3.300301540254695709e+01
1.702879504093022334e+01 5.457681753678728853e+01 3.598667532513992739e+01
8.356382388646302672e+00 3.866971768802141440e+01 2.385609876501341020e+01
4.639801977354161266e+01 2.239119321621667069e+01 4.153077667152086860e+01
3.360173539455784208e+01 2.677915039965924038e+01 2.064892064718214826e+01
4.544200608273011710e+01 2.796915643065058177e+01 2.206174391808141166e+01
5.144077809034367732e+01 1.756487053756759664e+01 2.975934200883581582e+01
2.558343021003109286e+01 4.332182073120178956e+01 3.578485755016696857e+01
3.189509648933479014e+01 2.116361275219702165e+01 4.272398770082332931e+01
3.832895716259410079e+01 1.798844699457042751e+01 2.130999429970994541e+01
2.412986333716149900e+01 8.699755139189484510e+00 2.305429892234233336e+01
4.005909828392822902e+01 1.328396608713083182e+01 2.840716742870565881e+01
4.015382817646907654e+01 1.280060859055680034e+01 3.270405124928056750e+01
4.638908307360491534e+01 9.003932423673090213e+00 2.870311092207196069e+01
2.406887564182353501e+01 1.067582481982508291e+01 2.154564350796928807e+01
2.012608880992583948e+01 2.243964909138986741e+01 3.423783870326306555e+01
1.817949523747336826e+01 4.994097484440221280e+01 2.296357237303005050e+01
2.070009212898368389e+01 3.181908427027343933e+01 2.701560689889958056e+01
4.551779846348149761e+01 7.970730220320924708e+00 2.663597177358178669e+01
1.839234703785865577e+01 5.475819231973350298e+01 2.570684412461966772e+01
1.925362305440259547e+01 5.153574832635540304e+01 3.695963066138779851e+01
1.057572248827805339e+01 3.196553752680737404e+01 3.843554918273209609e+01
2.314460918724073935e+01 4.568194367453779137e+01 3.647250188658082237e+01
1.815811032630238131e+01 3.128980750409212774e+01 2.834504015595903326e+01
4.610953250670250725e+01 1.269074486385976996e+01 3.355298625201552909e+01
4.872121433293961701e+01 1.467357727020580072e+01 3.273471852364335888e+01
2.651444889164942609e+01 2.646409519524421228e+01 4.176925688710498008e+01
8.370371500108829466e+00 3.771625431134830819e+01 3.962439666367068014e+01
3.761142250676890342e+01 3.342555420377046715e+01 2.519028082963756887e+01
4.928625429405019531e+01 3.016525054277037654e+01 2.480999010271640159e+01
4.253298519312166803e+01 1.444654565717396366e+01 3.755927988707217935e+01
1.723804647166686621e+01 4.512129039231971461e+01 2.226073725781848367e+01
4.601355022851053178e+01 3.412994058658728846e+01 2.864808406634661253e+01
2.060130807226279614e+01 2.571265164527018499e+01 3.651548986248651119e+01
1.734996115129949956e+01 4.912049311385551675e+01 4.269601877459621875e+01
5.144571632000801031e+01 1.066306142358451758e+01 2.343844375936753721e+01
4.585413904044990829e+01 1.849922690489637489e+01 4.154263579365366610e+01
2.343452210021471771e+01 4.831942886552455008e+01 2.992519752848195225e+01
2.277865447848484948e+01 2.437338173501183292e+01 2.293483031744998257e+01
5.067668661152497123e+01 2.886704635854532697e+01 3.781774304934925368e+01
3.573882373775595056e+01 1.700631274086517664e+01 4.142747207343043669e+01
2.522506656946629278e+01 7.562615113530487321e+00 2.597974219652425276e+01
2.160094690231197490e+01 5.033416070371328743e+01 3.055799960889450517e+01
2.582329135943799159e+01 1.869883848354181310e+01 2.030259969071088832e+01
2.426917359099547866e+01 7.812358761900679127e+00 3.831388498538136389e+01
1.702780028931169554e+01 5.232945206317550912e+01 2.874676206385375821e+01
2.710095434500524547e+01 4.256927716272894457e+01 3.318241573195127359e+01
2.503340638794932005e+01 8.532721848182838187e+00 3.538945817627553936e+01
2.582048226252420164e+01 3.126113802760591653e+01 2.369578958258683343e+01
2.332313150882625408e+01 3.196911269788840926e+01 2.582804203478177030e+01
3.205310059794850019e+01 1.612467123694759152e+01 4.091849593793634199e+01
2.484387771025788894e+01 4.533720930215854850e+01 3.484529350846436557e+01
5.270724827942563451e+01 2.550420633536280590e+01 2.628809173559438506e+01
5.032403873158974505e+01 1.663082002214275690e+01 4.096762020307657792e+01
5.008291122276956742e+01 2.724380563790971621e+01 3.940089431051225688e+01
6.617547045776401404e+00 3.736413557964976206e+01 3.576570203285477589e+01
2.129961251449061876e+01 2.144832287832344164e+01 3.687801727510317562e+01
2.353565671033788576e+01 2.462863973773584902e+01 4.061946928402051782e+01
5.096134859649159665e+01 8.771073632372656803e+00 3.495001779754062454e+01
2.947585285050649517e+01 3.560217715337829247e+01 2.515407499693648674e+01
2.505634321710557089e+01 1.643775701448699778e+01 2.034756307941740161e+01
3.311896375824410654e+01 3.257628024927274879e+01 3.954718195044044649e+01
1.309389374104098280e+01 3.272539538250021707e+01 3.982793561125428283e+01
2.245642822069022770e+01 1.378348054634774122e+01 2.637046080420203253e+01
9.285352007936602092e+00 4.208396919114531443e+01 2.754463101243619150e+01
1.242776230695353057e+01 4.774501538869913020e+01 2.544133870802784969e+01
3.728349948612700615e+01 2.339776588399059420e+01 2.057372811269087265e+01
