4.351841180774945173e+01 2.383368892625319546e+01 2.111497932957561119e+01
2.427599633789729694e+01 3.719205247516200785e+01 2.583128272966948913e+01
4.189777202668810929e+01 2.779298976784836483e+01 4.120375035298479816e+01
3.161196556959770376e+01 2.415474744905809246e+01 2.021592811836665504e+01
3.183825640093319720e+01 1.441250256000470920e+01 3.700419638604002159e+01
1.365612388291746804e+01 3.059454154989280639e+01 2.824047949025308313e+01
2.236349972933584596e+01 1.129142771673745571e+01 2.396072590357320564e+01
3.360942829451407476e+01 3.706363934392266657e+01 3.398765607024599689e+01
2.201047766678824402e+01 1.399425999296965273e+01 2.453901229776309023e+01
2.041541712974062150e+01 2.259659982950146784e+01 2.772919510042188307e+01
1.821501052499343842e+01 4.996382983021527480e+01 2.118767524681777203e+01
3.581716459766668947e+01 1.867378796071292868e+01 2.088870718706270679e+01
2.280017404334437003e+01 1.065462243746887694e+01 4.016554247584777215e+01
1.753674421998249500e+01 5.164322280049238856e+01 3.243720220901021634e+01
1.891517787936649597e+01 5.458051446491415248e+01 2.643191660428917444e+01
2.374881409421817935e+01 9.009746856357963907e+00 2.676359142297678773e+01
1.845808582425642541e+01 5.501767715954445492e+01 2.649213232442187760e+01
4.668942270926379479e+01 3.263355909075411887e+01 2.616336656696988783e+01
1.771459658583080810e+01 4.467165100479342499e+01 4.104056239366278902e+01
5.230601574581023527e+01 1.961145639833847554e+01 2.591758544871301950e+01
1.771872539524822443e+01 4.884884741643531925e+01 4.362479956513725909e+01
4.853999363776279807e+01 8.568845288997696485e+00 2.302777747120339313e+01
5.215366597467664889e+01 1.995755374519259462e+01 3.781654484820354867e+01
2.326707150222240728e+01 1.333287381830144547e+01 2.151353185937196955e+01
2.234478994213309022e+01 4.581190060670958530e+01 2.462450224081401018e+01
2.335103054959920144e+01 1.478555546633684692e+01 2.130709103976982632e+01
1.888559043330971221e+01 4.337435015771099955e+01 3.999646227727762238e+01
3.531699628325046803e+01 3.434019098385996926e+01 2.495047492676427936e+01
9.007789061518231222e+00 3.296480637782868683e+01 3.860515830130520953e+01
3.546531010796326200e+01 2.164235914944084627e+01 2.045316986163010498e+01
4.203886301268948955e+01 2.138579458434474034e+01 4.191826446651215576e+01
4.410514625024681834e+01 3.451281823890246869e+01 2.904907191772809938e+01
1.922514661600196106e+01 4.504637127020475162e+01 4.319713454412468678e+01
1.877781494417554953e+01 5.000528102897280291e+01 2.153250459147858109e+01
2.625638484384982974e+01 4.426195976284881084e+01 2.939755397959240213e+01
4.830661163206900000e+01 7.239669543759849724e+00 3.555892233364315302e+01
1.403379927804108718e+01 3.664112595944944673e+01 2.183320490055347918e+01
4.671931548017423808e+01 3.329618147987712717e+01 3.563546013491115616e+01
2.031420695124371179e+01 2.180713215344572475e+01 3.374024454550475127e+01
3.784747565806235059e+01 1.551792890963865368e+01 2.417903231217794513e+01
2.744474486440375927e+01 4.153143061351986631e+01 3.077311726357084964e+01
2.186115161081419700e+01 4.677085930638618549e+01 2.307297745636218522e+01
5.243331941066467294e+01 1.437312967212538517e+01 3.739184669172470166e+01
2.877568826148267433e+01 1.445534875992127688e+01 2.058846398776671549e+01
2.802116290108264707e+01 1.454177971504337563e+01 3.400872922659539199e+01
5.199938306077967098e+01 3.068615822954653893e+01 3.078094799937592541e+01
3.221454252820852560e+01 3.375074250353812033e+01 3.904409397541727600e+01
4.203066000234172606e+01 2.716862394095537780e+01 4.145459210803376493e+01
4.380421933882684016e+01 2.437716566361740078e+01 4.185132719558696124e+01
2.164796386206755230e+01 4.778527103302041468e+01 2.654909609226499967e+01
6.355438200806267091e+00 3.654423525987724020e+01 2.999253022403718560e+01
2.320191257747269731e+01 8.952281744323281387e+00 2.529164643292535430e+01
5.279980791297227682e+01 2.575401496233694587e+01 3.653902882257435891e+01
1.681163078247256948e+01 4.951563268924094530e+01 2.446928667776879252e+01
8.169462934344513982e+00 3.484212083200758769e+01 2.364490416060204225e+01
5.237440397116399282e+01 1.818048560355098431e+01 2.707917346567398198e+01
4.943578540525322040e+01 1.811749812320233488e+01 4.119045265862435912e+01
4.536305573874888353e+01 2.846452964833947519e+01 2.227331035304274920e+01
2.696716148031579863e+01 4.194700810524399515e+01 3.445717584862313743e+01
3.203162399792603310e+01 1.733225060381336036e+01 4.177468568332430010e+01
2.982556384841640806e+01 8.352376553835350492e+00 3.975759344932496475e+01
4.127194299613845629e+01 3.455416014319866491e+01 2.894175566754151419e+01
2.053978244623520766e+01 2.159642771845688713e+01 2.890317057928129074e+01
4.304420647375205533e+01 1.463844429525965118e+01 3.904592881450269459e+01
3.712214524917876446e+01 3.573135729865736465e+01 2.860387656715786875e+01
2.170555941118834298e+01 4.537462821739806884e+01 4.147120469099702689e+01
4.400780833275349835e+01 2.609670232345052199e+01 2.134718073915909287e+01
2.531877582117435210e+01 1.630511416097333921e+01 3.323737954768613889e+01
1.564505241418188852e+01 4.695545093455672259e+01 2.215060159051651212e+01
1.650793713157994347e+01 3.089743952008502959e+01 3.443146490213842270e+01
4.112041934720482317e+01 1.551279209926994440e+01 3.919063431824834964e+01
4.602384876381704260e+01 2.748126257959800967e+01 2.192166851046280840e+01
4.204481420377258161e+01 2.850576919446225332e+01 4.083994549126014562e+01
4.672317712004292645e+01 7.762611881444446915e+00 2.763703641475900241e+01
8.489370039918551214e+00 4.051557307674203656e+01 2.629106352754313036e+01
2.278404320417903861e+01 2.704996759756212654e+01 3.933940803104326278e+01
2.368102752410877088e+01 2.458924830810925499e+01 2.220601516470495440e+01
2.849207699034878161e+01 1.451580187376913500e+01 2.049073212283677492e+01
3.069956804309930476e+01 8.924349552613648484e+00 3.887892988231209301e+01
3.332094985311395163e+01 3.337038412126850773e+01 2.381555277151787919e+01
4.066677282716347719e+01 1.411765206843124609e+01 2.700954828655938655e+01
1.875720232311276447e+01 4.428788141388626087e+01 4.143209731520006756e+01
4.136262669913991630e+01 3.218024027863059899e+01 2.473061771486788274e+01
5.123426428412548717e+01 2.960815475812182740e+01 3.630454815827508952e+01
3.420052803226987237e+01 1.539637215730724584e+01 3.841057458915334877e+01
2.072515457817828377e+01 4.132536351259851415e+01 3.966093593187902400e+01
5.281307684228508492e+01 2.018213585605768401e+01 3.326966141780975761e+01
2.097116770435578559e+01 2.501129272839035877e+01 3.735848519797585965e+01
4.780692984459123807e+01 3.346148108019549028e+01 2.841715421027034338e+01
3.037035431676680020e+01 1.334691780618994983e+01 2.168044321314611622e+01
1.873813216431015860e+01 3.802682045431659219e+01 2.265902573123124952e+01
3.477230540852934837e+01 3.017456287776958135e+01 2.226134201791049350e+01
3.229728125278062834e+01 2.800285270626785916e+01 2.103204964680523403e+01
4.132597418052355209e+01 1.789892705592824029e+01 2.162164541189842026e+01
1.774253911692132490e+01 5.158838032729500611e+01 3.809196319288541588e+01
1.276225105755283451e+01 4.968854158505182994e+01 2.789945011315897005e+01
5.247048702427531452e+01 2.852351874898960205e+01 3.530605735187339178e+01
2.615288496089103631e+01 3.095359741262192443e+01 3.956423303673842895e+01
2.734101652407888849e+01 3.248539052092248625e+01 2.363801585068585354e+01
2.191378913126979810e+01 1.991788381104685968e+01 2.571211003793611383e+01
1.712793141559225774e+01 5.472025538590284555e+01 2.710946067064162790e+01
4.776074419063149890e+01 6.950481730681727477e+00 3.648038421427863653e+01
1.878144365322103226e+01 5.194337426123934875e+01 2.885501983638636858e+01
4.292239408217492524e+01 1.640148647780258173e+01 2.246200375952829376e+01
2.255609510535460061e+01 4.403528804233197746e+01 2.448632369436714740e+01
1.874402611482773651e+01 4.159945830968406710e+01 3.998190415273860765e+01
2.014341192769660438e+01 4.155993307635296219e+01 2.323538458359951164e+01
5.186097513852675434e+01 3.048644997607025431e+01 3.351475661041523324e+01
2.261792525838939838e+01 2.887246968185671037e+01 3.813672234819554063e+01
2.156397899321265754e+01 4.630309660909217939e+01 1.992603130364717501e+01
5.112414086349142650e+01 2.983637444288847007e+01 2.658118525635570251e+01
2.433022610979913125e+01 4.676237470724411338e+01 3.376730692594642846e+01
5.200162357279646841e+01 9.378680453040338705e+00 2.515686187656003980e+01
4.415943272696129895e+01 1.315426557959582254e+01 3.513256739652730687e+01
2.548028607156968306e+01 3.266638569168361528e+01 2.481671989262509825e+01
9.332631270808869672e+00 4.246342810785473887e+01 3.326865000175614995e+01
4.728677853566038181e+01 1.538111887614819473e+01 2.151965288434421097e+01
4.668965071879710393e+01 1.060171515433403933e+01 4.080962817421547584e+01
4.587610063264650506e+01 3.348397756444011009e+01 3.571594029258265834e+01
2.254701040889582231e+01 4.147210791339129798e+01 3.904092397972072348e+01
2.360740679166836387e+01 1.473512598809371354e+01 4.199570134982238301e+01
1.049134179278784984e+01 4.314969837152870724e+01 3.769202444726615653e+01
3.052044478091918478e+01 3.676512970535907954e+01 2.641329849825870113e+01
8.970406781224479431e+00 3.343962741609530553e+01 2.416567559802903631e+01
5.101981402315483649e+01 8.069170730264435321e+00 2.544579219371723866e+01
1.073116959442246809e+01 4.568810409353350366e+01 2.772035097377530022e+01
4.539339000487971987e+01 2.587844394824427852e+01 4.153434159305163575e+01
8.488235478626274144e+00 4.107606559749831376e+01 3.030302943576269570e+01
4.497716085527964225e+01 1.415675699920792141e+01 3.342226898277428404e+01
3.380282511455440186e+01 3.282028267508469810e+01 2.361600748662944582e+01
3.184665373803060007e+01 1.392760720815894260e+01 3.788284922693672740e+01
4.371024954268342100e+01 1.216418072105963866e+01 3.761227197388640064e+01
2.552634008318519676e+01 2.684147013220207612e+01 4.131118455746294416e+01
7.053957426644384299e+00 3.898315306105222788e+01 3.354297283651676764e+01
2.183957569032946466e+01 2.599298116363820910e+01 2.446399133665050485e+01
2.751099363521415242e+01 7.918370466780435990e+00 2.758370351231576834e+01
2.144338089707176565e+01 2.549193079992530997e+01 3.801751544813026129e+01
2.643946068287616313e+01 1.579266131039796228e+01 3.127211849665658150e+01
1.529686970368565113e+01 3.072141405498915390e+01 2.877653141743356713e+01
7.758549180740274664e+00 3.353885357505406262e+01 3.718795691253473024e+01
8.170172673800902174e+00 3.383884753737685003e+01 3.870340597860110421e+01
2.561055115203557619e+01 1.634990309494683913e+01 3.065243665418697461e+01
4.551855893182060697e+01 3.434329585193386691e+01 3.359693518845877946e+01
7.331134449753428761e+00 3.920241084960728983e+01 3.490590471416469143e+01
3.782423948983860384e+01 1.592754200134056575e+01 2.336866752990024310e+01
4.803670289061837906e+01 1.927437456381390035e+01 2.156146959819830400e+01
1.942320496733966806e+01 4.685059559325397771e+01 1.845820488235599299e+01
3.686731464412267201e+01 3.602430987125814710e+01 3.023227297569900074e+01
3.424677306368970164e+01 1.363661389010614045e+01 3.370477844064865991e+01
2.702879953243157374e+01 3.216890427323889412e+01 3.927818304571275121e+01
1.279229609254335287e+01 4.310754959219782023e+01 2.347091266519330688e+01
3.893554593148354570e+01 1.842705337108511898e+01 2.121195540168562488e+01
3.999172877048886221e+01 1.982151889108163445e+01 2.102018078699433090e+01
2.338158788654832421e+01 1.889150970554233311e+01 4.149640951604344252e+01
5.266881769397370050e+01 2.404116202823128035e+01 3.674876860362675757e+01
2.718149863747310491e+01 2.822842993323152072e+01 4.138425400512455354e+01
2.228379604356500820e+01 2.487477374106586936e+01 2.366082866960827857e+01
5.158286963297609873e+01 2.148497004050534898e+01 3.875033050876165674e+01
4.367028968295020519e+01 3.295089774714752195e+01 2.566565417166581398e+01
4.474432385905803500e+01 1.078551188011696560e+01 2.800786336257939269e+01
1.094249528860294518e+01 3.761773395307299950e+01 2.205351642650179400e+01
2.516609780317265788e+01 4.048705615849643635e+01 2.534584023127522201e+01
3.455773019370590049e+01 3.641490376661655404e+01 2.710201904429175102e+01
3.944356999236201489e+01 3.484653826328023740e+01 2.880213489122640880e+01
4.748359415870457667e+01 9.933858558093554336e+00 2.940996730794283565e+01
4.200503057597988033e+01 1.457738066711246638e+01 2.705668101880984366e+01
4.757476626669460273e+01 2.353896771524710374e+01 4.126350798585333024e+01
4.500503602110742918e+01 1.174331060563064710e+01 3.444981807769383408e+01
1.848997667353476615e+01 2.894470295628903500e+01 3.192671939120306135e+01
3.924680678668475053e+01 1.787294026605972164e+01 4.169197340306410382e+01
2.577858429883480085e+01 1.617945209495287529e+01 3.120093684211762763e+01
1.668339659310898071e+01 5.265579662933073735e+01 3.481717328452049998e+01
2.355583164733112866e+01 1.792559973812143070e+01 3.033349087327406224e+01
3.121665578521101736e+01 2.881950436574389585e+01 2.126795823171024935e+01
1.030955596157207488e+01 4.507784967112896624e+01 3.286179497736579691e+01
6.641087532079330558e+00 3.721523143665080369e+01 3.609672250520925729e+01
3.561898140444836969e+01 3.088649612358261720e+01 2.283007840401471711e+01
1.890305827523310711e+01 2.655152102639570799e+01 3.073507074934393302e+01
1.486937449456515914e+01 3.432921504192515272e+01 2.275339418120553603e+01
4.739609658053780095e+01 2.458917670869880112e+01 4.128344042839949424e+01
4.449313274462897283e+01 1.037279226905478069e+01 2.733984417644980880e+01
2.847454826295387065e+01 1.167545316379407971e+01 2.096616361337692425e+01
9.318644151089706895e+00 3.168893190460214626e+01 3.222946762181459235e+01
4.350803067917889422e+01 2.492215751767917453e+01 2.115412216922264577e+01
6.460847898687509527e+00 3.765796840857527883e+01 3.262758335044388502e+01
2.720160567906051341e+01 1.369970563758688264e+01 3.392854659668226702e+01
4.506648497151523003e+01 2.959968123576173227e+01 4.000496536614161158e+01
4.394311827495551626e+01 3.442009281457147551e+01 3.407499125455365174e+01
3.300377992765297819e+01 3.722306202511116879e+01 3.340882410592834617e+01
3.506408818795718219e+01 2.938372166818734144e+01 2.184634064911663032e+01
4.793831983528710339e+01 1.326226509135434206e+01 3.000168039617350502e+01
2.169242084854770169e+01 4.670792333956605802e+01 4.207225762357380461e+01
9.852560414902503894e+00 3.174028599041098531e+01 2.706019407522916609e+01
1.062505329272521415e+01 4.407686276526832359e+01 3.724164099330628375e+01
6.853981578308955491e+00 3.623230602119613764e+01 2.562206071668284579e+01
1.534311190702972461e+01 4.023491607428830719e+01 2.239544075384627675e+01
7.961998326790795666e+00 4.026998911825369731e+01 2.882378136194451201e+01
3.490669343434525729e+01 2.369718991799328478e+01 4.266729552129610425e+01
2.259104078444459418e+01 2.858781588898795079e+01 2.458713139473215392e+01
2.233657773143283620e+01 1.268570564428528691e+01 3.723381339700580384e+01
4.787494261832163289e+01 2.928498696795482559e+01 2.329492135736636627e+01
4.293314788835010631e+01 3.332235982724017731e+01 3.653555844231770777e+01
6.547886359315688409e+00 3.570016919553940227e+01 2.842046056003264454e+01
4.720621391360289465e+01 2.422566187373900704e+01 2.164257320056334422e+01
1.021200014653093469e+01 4.291617563478356345e+01 3.726736301230113213e+01
4.669879721390162075e+01 1.453506561406570263e+01 3.040400732020470187e+01
1.899151883854501222e+01 5.021581984993635217e+01 3.749016073193907062e+01
5.206699267124956521e+01 1.868464586155690910e+01 2.474136730067550971e+01
3.771356823456400065e+01 3.376333193286172474e+01 2.558041811844357483e+01
3.412845395918964186e+01 2.246829757320115206e+01 4.273308563013378603e+01
3.094894894285737763e+01 3.734176523484798338e+01 2.809839640203898981e+01
3.626167094595840013e+01 2.283711359176761491e+01 4.253539105317931046e+01
1.290549988300775830e+01 4.518253578246171998e+01 3.907735563320540706e+01
3.425468926972128969e+01 1.637592398102173874e+01 4.052780099925866608e+01
2.274335776974873724e+01 2.793263005708244862e+01 2.400411475590477650e+01
2.892520087558004604e+01 2.032949632828260889e+01 4.274366033257804531e+01
1.605443822124519926e+01 5.077321338220060198e+01 2.585182224425846798e+01
4.906148584895443321e+01 9.325155750591511250e+00 2.261678173728209984e+01
4.659921712158320872e+01 3.436385399290040965e+01 3.226354240811043894e+01
4.530891727870872643e+01 8.167217227145208369e+00 2.669068140494839980e+01
5.013880868105292166e+01 1.468784928022262903e+01 2.191267458703127602e+01
5.280047717423779829e+01 2.100734795311646153e+01 2.785954336622024030e+01
2.132501552346449003e+01 3.208895607673226635e+01 3.625141615939278950e+01
2.807864579262340854e+01 1.653914650171219236e+01 4.272076159441748899e+01
4.265626640798841862e+01 2.438671459248316964e+01 4.195584841122791175e+01
1.376510898701170227e+01 5.089930619314743865e+01 3.292941623091045500e+01
1.768819426968380171e+01 3.215020392134405114e+01 3.693513823358927795e+01
2.215405894008402754e+01 1.782423570146070446e+01 2.372499717094499161e+01
2.461639469041064032e+01 2.862270795583016891e+01 2.275973547869492108e+01
9.804422197532286276e+00 3.988372866502000846e+01 2.347308811191106059e+01
2.465695765884277790e+01 2.091726074072402142e+01 4.207482472122323003e+01
1.716714406359320222e+01 3.302090747290458239e+01 3.847023973399667796e+01
9.482732725146876263e+00 4.101255731461657916e+01 2.478561359746455395e+01
3.023968659276973270e+01 1.485415342364827751e+01 3.307222133583830725e+01
1.092193795130464196e+01 3.646319543235786398e+01 2.191138964205245188e+01
2.550412236544179834e+01 3.241433072974457019e+01 2.466250968983619174e+01
4.880200372196729575e+01 3.212168855430442704e+01 2.671534681798425481e+01
2.952738081053900743e+01 3.029332325505911427e+01 2.196087596661214292e+01
4.102815747384261869e+01 2.907886579632694790e+01 2.228106502799030864e+01
2.288496523160133478e+01 1.075159147565975637e+01 3.652978970909508405e+01
2.091095350404374642e+01 4.860355638844039561e+01 2.305532920725468671e+01
6.706514836272382318e+00 3.479848536254012714e+01 3.349294989909958531e+01
2.148311546594527144e+01 4.766069645811268174e+01 2.501346936630205064e+01
4.439097768593057936e+01 1.275368686866667645e+01 2.339073397525244502e+01
2.933524661008315348e+01 3.577956506431652883e+01 3.753558224440595126e+01
1.774083283648721121e+01 4.451664604928530622e+01 2.262238329877029486e+01
4.894840856659968864e+01 2.638269842390188913e+01 2.251954100525249558e+01
4.158950944996902166e+01 2.426667025272670841e+01 4.204792506156649523e+01
2.546423636436911764e+01 1.391997706000017843e+01 3.393415293913697184e+01
2.147742302402528836e+01 2.321433551330051870e+01 3.825336048148596291e+01
4.403115983437908199e+01 3.070892844507295649e+01 3.928292097604089861e+01
3.497710076394293566e+01 1.423872733696970627e+01 2.681502461728187825e+01
3.566040328719362407e+01 2.632979730062580259e+01 2.073168872006239027e+01
1.820949026898981415e+01 4.997134799551088236e+01 2.154531664249451239e+01
1.942990643193673961e+01 3.142848479656354854e+01 2.749086551557084590e+01
3.600203043400895808e+01 1.602268732741583790e+01 2.338701020376234752e+01
5.190588564579512365e+01 1.001281310320201179e+01 3.876622769929536361e+01
1.709613126739564848e+01 4.938294791003730211e+01 2.058402918209532828e+01
9.788717669226034701e+00 3.940035813528484709e+01 3.972486736602091639e+01
3.619831177434657832e+01 3.626089038676135345e+01 3.253067688587903916e+01
4.247143837468866678e+01 2.322861874641474600e+01 4.199630019564767025e+01
5.091891926488631981e+01 1.628397188070124812e+01 2.242034856768362516e+01
1.463941621355267131e+01 4.238545817590100739e+01 3.997431991366147486e+01
1.172016426479222417e+01 4.818609162253098077e+01 2.853320645454941484e+01
2.095152160138418296e+01 4.812883028340451119e+01 4.359552513836875676e+01
5.167412898023845713e+01 1.549205495889381545e+01 3.413077371503305812e+01
1.621890405539674873e+01 3.961487852637569773e+01 4.068066644669889342e+01
1.016299585274623496e+01 3.749064447459348060e+01 4.080720314316313591e+01
4.837234793216658346e+01 7.196032982758618246e+00 2.519024098291779978e+01
4.581008359781526451e+01 1.444367473085509168e+01 3.312028479645718448e+01
1.174534246968774021e+01 3.492116672939827282e+01 4.108969768298412362e+01
4.860037168572495858e+01 2.435558204313697672e+01 2.213836276155103988e+01
2.233573678011894970e+01 1.587072461520973654e+01 2.631554812376796093e+01
1.428145713211284829e+01 5.124456635106667335e+01 3.196792167069096990e+01
4.994838753752320315e+01 7.877773432891932437e+00 2.437478218159912657e+01
1.402647297546377381e+01 4.124439582745530686e+01 4.022802647047996061e+01
4.570573269460190602e+01 2.176738102369672134e+01 2.137070268824383845e+01
4.234774862905803161e+01 2.272558678849870972e+01 2.105092085022560155e+01
2.089784601528083741e+01 2.063023604903908392e+01 3.065749034891957336e+01
1.898650557042040532e+01 4.356256893524635387e+01 4.029780649142392690e+01
4.911644746203813128e+01 2.047107327915423625e+01 2.201682953832174050e+01
2.244779017965954182e+01 1.718169365621507794e+01 4.049743709139836767e+01
2.539177697423726343e+01 2.359041769261974508e+01 2.106464334128744653e+01
2.326252530021136522e+01 1.690037872096477756e+01 2.132012467382476828e+01
2.750142687590470914e+01 1.248427391761154048e+01 2.893117065971729218e+01
4.217184367836919279e+01 3.473930952977688946e+01 3.043282976929313932e+01
5.312930952377463711e+01 2.913546799423633260e+01 3.087918024623274249e+01
4.285078752585471307e+01 1.367654369834218109e+01 3.191003844040879756e+01
1.981783666675536182e+01 2.234066323423617462e+01 3.195965303470404706e+01
1.532073368143518266e+01 3.053735692546928604e+01 3.267054373320426919e+01
2.227366788188131608e+01 4.018513401199520985e+01 3.934504672001565950e+01
2.322242476029089531e+01 1.599830935842815371e+01 2.791775730411774248e+01
2.436689791386035253e+01 9.802542141035701206e+00 2.183695264019664251e+01
3.748261714593512295e+01 3.561367619409745799e+01 2.876588284600243739e+01
2.105693070908538189e+01 2.650412813280746605e+01 2.577089123569450990e+01
8.422857438389829809e+00 3.288296550506827032e+01 2.630206071344991514e+01
1.339876118540864347e+01 5.032834417485733525e+01 2.808938983483892216e+01
9.247393025103031405e+00 4.094574430794094155e+01 2.503615041830130750e+01
1.585573211586677189e+01 3.206341481860465592e+01 2.539161301812435667e+01
3.911218705424742126e+01 1.279636315320850848e+01 2.947837589430939076e+01
5.096557553638939453e+01 8.541979207758622294e+00 3.522956626148040016e+01
1.581858740497567517e+01 4.663456958751212511e+01 4.122072253695728961e+01
5.156601006733941972e+01 1.453971553248373461e+01 3.996163664133295867e+01
2.576310939964234947e+01 3.271676173136758337e+01 2.466250684886394495e+01
5.227988241941476844e+01 1.118974944211948497e+01 2.704091054131244576e+01
4.395739436166320502e+01 3.119698975228005722e+01 3.889986006679624353e+01
2.874694967502938425e+01 3.326215876427281870e+01 3.924191877908133819e+01
2.566448997674931221e+01 3.795705494887384646e+01 3.633923664328842307e+01
1.208352417666384326e+01 4.908417971876679076e+01 2.934132346304853201e+01
7.986102076510352532e+00 3.291054289026428137e+01 3.536623133692219056e+01
2.454137789553174898e+01 4.765075546508223425e+01 3.199809531288544662e+01
3.106162950545630608e+01 2.691506923655656891e+01 2.054982410950455218e+01
4.681771149258229059e+01 1.099881739877474729e+01 2.955869919472820939e+01
2.515973085637054396e+01 1.031036879624565294e+01 3.444663905821303018e+01
3.570732125243429067e+01 3.649834882971467920e+01 3.136592845581439803e+01
1.927203063417059425e+01 5.023132589260060854e+01 2.562245011485364543e+01
1.953205850533100474e+01 4.834103969837282477e+01 1.822582128528829415e+01
1.745070893499248044e+01 3.786791428355747513e+01 2.237441687821492309e+01
5.401543677180072223e+01 2.714725019367926606e+01 2.913769744455458266e+01
2.720207530389608408e+01 7.053793601881247710e+00 3.683768859564815301e+01
1.841443361626143727e+01 5.171930062505487058e+01 2.522843424662050893e+01
3.337676685450943381e+01 3.225220154705144182e+01 2.323755235598089541e+01
3.649080797758541195e+01 1.367011381209438525e+01 3.622253578742846969e+01
2.027503001547053074e+01 4.937661582438278174e+01 2.049255034230202455e+01
3.349040744111454870e+01 3.689731830429670367e+01 3.502155548766516802e+01
2.939300710133200667e+01 3.519520236459027274e+01 2.482552031967053807e+01
2.758410942959674017e+01 1.113965300135305547e+01 2.889198857027306744e+01
4.061665572231856913e+01 1.528333339229395094e+01 2.500168168298804616e+01
2.157411399347533631e+01 4.794505773702410067e+01 3.608253367062790318e+01
2.677490049788280402e+01 9.575760463648567367e+00 4.180774760716338534e+01
5.348291541833795293e+01 2.280932090817261226e+01 3.394187709584963386e+01
2.442885670274442944e+01 3.995729700407902385e+01 2.479783120297791754e+01
4.733186312029270226e+01 2.017863025136035304e+01 2.158829832025788065e+01
3.409619254959076073e+01 1.730014698413005192e+01 2.174667359360438823e+01
3.579001597613189034e+01 1.601162796015883316e+01 4.023491736381509298e+01
4.107622001336685713e+01 3.134011471078576605e+01 3.885880112162899991e+01
4.737789342212105481e+01 2.861552426953452510e+01 4.013192106620249433e+01
1.831445918723963118e+01 2.960022087091912724e+01 3.186496952032405616e+01
3.802293530300708824e+01 2.738628381910750775e+01 4.159919368396890604e+01
2.712045030101840126e+01 1.419968458495692687e+01 2.917287116450762952e+01
3.525538364680295444e+01 1.730722339572731627e+01 2.168031285031485211e+01
2.315918728680101069e+01 2.487843032607299776e+01 4.029949139110919276e+01
2.909243465764789249e+01 1.974432995544092151e+01 2.025383485641837211e+01
1.671820433507936698e+01 4.922862441815736645e+01 2.149009889120583594e+01
7.532979590842301398e+00 3.544545282247268858e+01 3.888051342269488231e+01
3.489899805160948176e+01 3.682727478667995769e+01 3.105741636564216890e+01
4.413349212418852119e+01 1.172581994449294740e+01 3.594721111943430003e+01
2.313118798241506369e+01 8.851309464455015430e+00 3.857442856337627290e+01
2.778465870492980017e+01 2.150292155506325287e+01 2.036702365411823834e+01
2.474253908560922355e+01 1.513739083393800300e+01 3.412511571916148512e+01
5.065041914574198501e+01 1.343187163224724756e+01 4.079454366755413020e+01
3.256422556703046922e+01 3.085465111477747868e+01 2.235075712883824650e+01
2.627475907823862755e+01 8.840801758582720993e+00 2.188742599220448071e+01
2.419122223928726356e+01 3.470327437761797285e+01 3.678628444058352898e+01
5.343114418926290199e+01 2.880068134079505171e+01 3.157133803597120902e+01
2.264103636235996220e+01 1.964291363694923120e+01 2.248839682682963215e+01
2.357626711186734170e+01 9.003863481499333687e+00 2.338256195936147819e+01
2.499844116984973397e+01 2.797581398303720945e+01 4.061887467327893830e+01
2.174091079728410847e+01 3.946948459732246306e+01 2.345392856394806458e+01
3.415322451791594460e+01 1.607621040883016406e+01 2.352343282559968429e+01
2.137520502475415185e+01 4.728021945192019615e+01 4.327861036024891206e+01
1.118898574648580002e+01 3.324296236638414825e+01 4.018178856488089679e+01
5.101825016453759787e+01 2.297518857532205772e+01 2.373725920616549345e+01
2.860040777193841421e+01 2.413875534436945713e+01 4.258789198433757406e+01
2.408221431554177272e+01 4.222865828022164436e+01 2.483010342187383657e+01
6.621728220172388824e+00 3.707956814040500859e+01 3.616502334458063217e+01
3.363070780008080618e+01 3.665314397698948312e+01 3.561938289143654401e+01
1.943598265840892481e+01 4.790533183076494339e+01 1.809940325701635544e+01
1.632111441206814106e+01 4.694777558661060368e+01 2.073432130662676798e+01
4.282249438760852911e+01 3.287616146377468596e+01 2.555051854253283850e+01
2.522243896855657042e+01 1.642465920131627755e+01 3.318305206102871097e+01
3.717845272004537094e+01 1.261316186882397616e+01 3.298442576691055450e+01
5.164231757784583721e+01 1.253931545456916297e+01 2.323521581473628217e+01
4.921737718924617155e+01 2.816803663553891113e+01 2.334750238809328948e+01
4.868505237674603592e+01 7.145577503066380842e+00 2.561910625903330185e+01
4.717023676869357729e+01 3.159175641571194149e+01 2.507374197402523208e+01
5.250007180363574122e+01 1.296772821377230933e+01 3.723786848447365116e+01
6.925032554133128571e+00 3.789399532038535057e+01 3.666562783793488478e+01
1.419726930047115054e+01 3.543384661958002368e+01 2.207806338617130137e+01
1.039966834789668404e+01 4.307773970905265770e+01 2.531244016632538063e+01
4.093334618126418434e+01 1.314190724622858752e+01 3.350130446367528236e+01
3.195771107360337382e+01 3.542215618785579068e+01 3.792910935574660414e+01
3.706279307976964787e+01 2.838400538727262656e+01 2.163999538339515638e+01
1.906070701354366292e+01 3.248067312439997778e+01 3.671965188732549734e+01
4.762874397772224455e+01 3.140304279372026741e+01 2.502560279034979729e+01
3.726700022344406449e+01 3.474475306056315560e+01 2.651207419516135033e+01
5.206828469831773987e+01 1.705355069095990572e+01 3.866340255884385613e+01
2.602455674610749981e+01 1.333630295205979621e+01 3.386751814651972836e+01
1.433218657946792618e+01 3.094202048327585430e+01 2.686655478107574524e+01
4.019658089176815707e+01 3.468280047890691975e+01 3.369955072277811325e+01
1.449233398454550503e+01 4.247564060269976949e+01 3.994235706849939049e+01
2.947109583945801958e+01 1.206863944596481275e+01 3.481540530549142431e+01
4.571645668156096320e+01 1.181702813839735988e+01 2.245007130625659997e+01
3.249269319313004445e+01 2.191284101890790836e+01 2.028606595266240831e+01
4.457208377584203163e+01 1.286561629547559349e+01 3.467547196175721780e+01
5.440897184739181824e+01 2.585217976233140647e+01 3.337250064934960392e+01
3.556650397087577176e+01 2.553257786334158297e+01 4.237499975217686909e+01
5.197702164131566605e+01 1.768474120826435581e+01 2.416215390171096189e+01
2.251111384771865787e+01 3.414901000101794892e+01 3.695153500433730898e+01
9.564689414566020176e+00 3.596379045891771398e+01 2.228862654261606835e+01
3.674938438555454212e+01 2.996804380058769368e+01 4.045114757556478935e+01
5.246501314946751648e+01 1.391014665595791655e+01 3.730754025826888665e+01
4.491160916353138077e+01 1.859877410578099344e+01 4.151892532689884519e+01
2.200234532649703922e+01 1.520873283163330036e+01 3.871804809168961725e+01
1.354913321130447024e+01 3.816916401668787984e+01 2.198011926996066734e+01
2.217832182112355000e+01 1.589207253928594632e+01 2.584690636008940956e+01
2.141385806278507076e+01 4.759603147587078809e+01 3.860583680399990669e+01
2.411409599911985779e+01 3.786602709542023604e+01 2.534233050378512786e+01
1.687455552682546767e+01 4.156284589065975865e+01 4.015800691950998669e+01
3.979410269364434072e+01 3.222207598020229113e+01 3.818516419074402535e+01
4.109416820633123280e+01 1.400479699929419297e+01 2.754181842344129194e+01
2.637979995778498221e+01 1.413569163674107898e+01 3.376757981795980612e+01
2.079563717467861039e+01 2.294854631041773985e+01 2.644438091584564887e+01
2.084827204894008545e+01 2.628149145787834584e+01 2.608783321963930035e+01
5.190752307349408312e+01 9.776991368976096553e+00 2.725991227659729788e+01
2.025268732619351297e+01 3.916039556731959692e+01 3.997990630108252219e+01
2.552222802777286859e+01 1.704067295615034894e+01 4.273568960091146351e+01
3.218011558670231409e+01 3.705056174338486841e+01 2.710277428876749539e+01
2.578608713261263574e+01 1.618674905220427362e+01 2.986689499075689724e+01
3.391700578742530325e+01 2.313167431236712446e+01 2.026534841599172410e+01
4.880506235763282064e+01 9.878112838510634930e+00 2.232792635599858855e+01
2.137113803800905387e+01 3.089142180016999717e+01 3.616455128668118846e+01
3.599300597920105815e+01 1.445489481185564706e+01 2.590631398722180379e+01
3.146325487910412022e+01 1.233203549383336650e+01 3.976352691713555032e+01
2.712339324937777363e+01 1.946150867151712660e+01 4.276695036050367094e+01
4.436394044830139904e+01 1.084078407162980540e+01 3.905181783132680806e+01
2.937167431082784219e+01 1.051850039775493961e+01 4.146638792702004395e+01
5.186803408285584993e+01 1.444594436806421633e+01 2.353543312868666249e+01
2.100513946605872917e+01 2.366004890306505359e+01 2.570378029757214478e+01
2.641249804593353545e+01 2.392573309041539886e+01 4.216049140664993189e+01
3.952980409096594627e+01 3.511497630994140451e+01 3.096094060125465219e+01
1.236267763513679974e+01 4.570000231448063488e+01 2.428861358653551861e+01
1.878115612466769235e+01 3.272909742794468713e+01 3.716591075596443261e+01
2.471250983293530723e+01 2.140273885194969949e+01 4.201691800336050164e+01
3.297442813026548691e+01 1.474392401673529207e+01 3.560047589326698159e+01
4.551335607102162584e+01 1.444805009090985415e+01 2.995299394983599939e+01
3.166693175000037641e+01 1.383023901046968618e+01 3.732370702149305686e+01
2.627549491810977500e+01 1.453417187817683853e+01 4.280990802662607564e+01
1.165020240402665230e+01 3.278036899699826989e+01 2.339053423979378721e+01
2.479655806391646422e+01 2.055552820344411913e+01 4.219162625989056892e+01
4.971646746015075990e+01 1.777582063687187741e+01 2.185779300887194765e+01
8.913876519275568455e+00 3.194880546076088024e+01 3.192418930815460953e+01
4.726538846782708703e+01 7.152533900524229438e+00 2.603214306139453527e+01
3.841131474850138972e+01 1.284824012303984198e+01 3.435309413009156998e+01
3.257270261646106491e+01 1.791029875587543430e+01 4.197364345322868928e+01
5.088573524216265298e+01 8.394774832817567756e+00 2.750186800919859564e+01
2.790834943537463175e+01 1.900839386000928499e+01 4.280065909320191508e+01
2.581606353792684772e+01 1.497123399059532822e+01 3.377925589879121304e+01
4.575333427440532574e+01 1.125592468565477766e+01 2.904738373170150467e+01
1.554881223459458539e+01 5.132471515381640614e+01 3.393146167378701961e+01
1.043474296223416964e+01 3.154718918990409193e+01 3.719745750334003986e+01
2.362708852247375546e+01 1.859568696489539263e+01 4.174827137110883513e+01
3.809497266072150268e+01 3.011866887512490010e+01 2.273693711485524105e+01
5.235852641133521246e+01 1.611990227495130057e+01 2.602267904188677861e+01
4.878677185788166071e+01 3.259563339038413687e+01 2.753486131783542845e+01
2.963253984836620347e+01 1.293556358916108451e+01 2.813648566648208060e+01
5.231781827768293880e+01 1.292316735217623602e+01 2.720943924563179905e+01
1.817841615278019418e+01 5.449238022761814193e+01 3.550947947283102479e+01
3.727045478938524781e+01 1.579566293983025993e+01 4.000082563624217613e+01
2.777872267848536580e+01 3.584785006047635392e+01 3.702816321693786961e+01
5.227178530723112004e+01 1.050918778317297608e+01 2.531982794286329863e+01
3.355800537145297824e+01 1.415561368041958801e+01 2.864319008535522926e+01
2.361969099489881785e+01 2.581907597525092868e+01 4.048231636213854046e+01
1.571278621272304399e+01 3.904214366078623044e+01 4.082877183635737595e+01
4.549736472041035995e+01 2.385725482394465757e+01 2.130143292020091295e+01
1.583000479489654744e+01 4.808247016695059273e+01 4.083537485935420364e+01
2.204199635740235408e+01 1.372942929229114384e+01 2.438139573691434236e+01
3.535273278709871647e+01 2.306385595556448109e+01 4.264136148849920005e+01
2.575642481126065775e+01 2.105073522576471845e+01 4.242102094293394998e+01
4.611692758109553836e+01 2.973728169515046460e+01 3.977618729311626566e+01
3.670359478683369048e+01 2.126285199823503547e+01 4.242879158048715027e+01
3.202544181975314075e+01 1.472561258752159219e+01 2.389505357486874360e+01
2.675263238534044419e+01 1.231416651051046252e+01 4.259415154060016562e+01
4.415274369619302774e+01 1.241538060168321422e+01 2.735068275403272153e+01
5.457748474683057083e+01 2.707867672706488094e+01 3.293145902801690283e+01
2.284494440285235939e+01 1.265065696115560812e+01 3.597277858467578682e+01
2.096278559161557453e+01 4.502257182641581323e+01 4.308601089651984495e+01
3.852918244695209182e+01 1.327021256620581369e+01 2.768260089893805187e+01
2.245711068493859841e+01 2.508379037747103979e+01 2.347418645239918078e+01
2.534751505174785535e+01 4.024137241690039701e+01 2.555356815605880172e+01
4.932173360634077142e+01 1.641755873556688172e+01 3.133671814582609372e+01
2.996037724916445200e+01 1.235405594932044870e+01 4.157902123592330668e+01
2.017425992413490476e+01 3.647205713142231076e+01 3.942974880121123249e+01
4.464801751611302194e+01 9.609822691630601099e+00 3.562939314134039392e+01
2.732866849571038514e+01 2.359389760940165104e+01 4.241707549405445121e+01
2.501292948224122625e+01 2.598836201443219807e+01 4.134005911215793816e+01
2.256133055053497571e+01 1.042075132013681227e+01 2.389722038776526603e+01
2.324095721980225804e+01 3.743454335121910503e+01 3.816170478862598969e+01
4.681976025265205266e+01 3.021647398286063435e+01 3.923097326703151566e+01
3.362266951430872552e+01 3.610554965101169955e+01 3.667832080248009419e+01
3.094855244886993972e+01 1.194281929502509065e+01 2.263925297555747207e+01
4.637793606441758243e+01 8.886652369245377159e+00 2.861082968288282657e+01
5.366484869161779159e+01 2.254345320357126425e+01 3.245456565795196724e+01
4.338977535379629558e+01 2.961000753737638647e+01 2.274593049244221277e+01
1.802243288544189070e+01 4.993949326670453814e+01 2.094399816124499836e+01
2.779839776696424636e+01 1.331409464150400801e+01 2.042753692731683302e+01
2.159221569681791664e+01 2.151078630771409905e+01 3.802110302109306872e+01
1.208160360634593644e+01 3.806481743511194082e+01 2.203478163976712523e+01
1.168316368607479738e+01 4.552966919100003196e+01 3.816075173958227396e+01
1.016881198188106872e+01 4.386273402485616657e+01 2.698445457175754569e+01
9.651375416535586282e+00 4.284222788918159353e+01 3.494458869685072244e+01
4.886420928322049662e+01 2.850867868296339935e+01 3.955605460308105137e+01
2.269081014047188205e+01 9.727095383401948681e+00 3.904491830712186839e+01
1.951601803356619769e+01 4.704742566497522915e+01 4.489647227004693519e+01
3.513964490872814395e+01 3.467564645947101809e+01 2.519484068386460862e+01
1.196643913257915770e+01 4.083316198143199216e+01 3.996938567863585234e+01
2.214526683254928230e+01 2.718508010732417191e+01 3.849032939164171552e+01
2.168024336583998135e+01 4.703775554850142271e+01 3.837109692879774059e+01
1.412898770728669007e+01 3.341600508363703170e+01 2.313749638137290532e+01
1.759827785489469321e+01 3.439183043926206551e+01 3.951127254488831397e+01
2.211003565822789341e+01 1.516091316933289157e+01 2.329826368953102289e+01
1.938283460858642826e+01 3.641258177145180497e+01 3.977674844959634015e+01
