-4.093493911942476249e-01 -7.016740857210204130e-01 7.124552243345759095e+00
-1.595510154708845718e-01 -5.226357175071079109e-01 6.636144289736422230e+00
9.814249292617573950e-01 -5.245470921999544345e-01 8.647624290948501269e+00
3.392004764932596839e-01 2.424858388013939603e-01 3.551161541559510137e+00
-6.755718021005385765e-02 -7.632644977534328579e-01 8.042915113873814192e+00
8.015483583213673935e-01 5.879251209592568639e-01 2.574406684379292098e+00
6.304149149058813073e-01 9.819097026608203382e-01 2.351012602605501989e-01
6.275338340729754716e-01 -1.573642452015624471e-01 6.126425296677871835e+00
-9.172671368306017925e-02 -7.893478293698137360e-01 8.135510855553143017e+00
3.954554691912652853e-01 1.305708026794529797e-01 4.229071113484499378e+00
9.969474873792987246e-01 -7.239158938881280481e-01 9.706699924799973900e+00
-2.992739832313495718e-02 -1.899459282133864058e-01 5.141684729400392229e+00
-3.543721490312203848e-01 -1.989089001664299250e-01 4.618907226988190118e+00
8.944436587850830289e-01 8.374167245288686168e-01 1.446112517142235543e+00
-9.318458169587964246e-01 8.867457382899297524e-01 -2.013009812378455887e+00
6.131821012463527509e-01 -3.744391559397897140e-02 5.480593779527975329e+00
-1.660418312060243373e-01 -3.623197481576514445e-01 5.795033025393438564e+00
-9.236361486330524340e-01 -8.938206991100199339e-01 7.216816860070910167e+00
-9.332336810854904297e-01 -5.471578152009299867e-01 5.405806314202616036e+00
-6.427483800255968660e-01 -6.413104322679330505e-01 6.402690242199017057e+00
3.660262511361862536e-01 -6.198289875945173222e-02 5.174016945830143932e+00
3.376281171341732890e-01 -1.174636454868274171e-01 5.411342575123315513e+00
-7.668676246574279709e-02 9.265337459489062510e-01 -7.187493027501985488e-01
8.136262539331868826e-01 -4.150327800234387965e-03 5.659915405632943042e+00
3.693159758129740400e-01 -6.450986719763567301e-01 8.197737463859862572e+00
-3.582244637263665155e-02 -8.613164117679148468e-01 8.606059975045667443e+00
-2.769916133554026771e-01 -5.587300094517066995e-02 4.014363527307842183e+00
-6.494403192244611045e-01 8.982592049585138572e-01 -1.577181027001511637e+00
-7.300089369518836246e-01 8.555716523643084326e-01 -1.497588780892987748e+00
-8.944479285025028759e-01 -5.926329653171780176e-01 5.709206529323609836e+00
3.476961279213168776e-01 -4.054549797557263080e-01 6.919520469576315058e+00
2.366805416348829461e-01 -5.790015083726365308e-01 7.622968510179772395e+00
-8.817858375440874585e-01 -3.835533901720917793e-01 4.649315900010595470e+00
9.443816575995147566e-01 8.188371623879049377e-01 1.629877186449934401e+00
-7.696277921969223446e-01 9.159613590201922673e-01 -1.879641639153612376e+00
2.595929333205231337e-01 8.058010882453343626e-01 4.960372057055386086e-01
3.056085837507123149e-01 8.503170304767160292e-01 3.463665560824649159e-01
5.427283520890555657e-01 7.923294515041858777e-01 1.062458323223074208e+00
-6.978798518301478904e-01 -2.501605077597046645e-01 4.281555312053511031e+00
-8.185853724024338973e-02 6.447633802524177504e-02 3.733805976942609295e+00
3.197239231462671860e-01 -4.695313833226588685e-02 5.015002453521211656e+00
-7.504049406846975412e-01 -1.750555269853173446e-01 3.800701595449464953e+00
-3.065182419257108659e-01 9.487485873355130384e-01 -1.236911520546803533e+00
3.656858195469141481e-01 -9.363800125330685731e-01 9.698912600291896169e+00
4.033046878742911900e-01 9.318875542112343702e-01 9.557959374285235343e-02
-5.653091576142714736e-01 4.384524706735408728e-01 9.501646770198479697e-01
-1.625840949674037805e-01 -4.375497616863985861e-01 6.190456140430478094e+00
-1.473075645931936073e-01 6.811550107066177695e-01 4.273341109619922529e-01
9.733048976012295128e-01 -5.334133505142995002e-01 8.679267341222693943e+00
3.217840548880419593e-01 -8.444865850614264868e-01 9.146297003355162047e+00
-4.693875129285549619e-01 8.036767229376042820e-01 -7.718014659439682568e-01
-2.015336094471198436e-01 6.405708479993270643e-01 5.422523040804370087e-01
4.505014021523301437e-02 -1.750503358654220687e-01 5.196123081707690439e+00
6.507609050243590154e-01 2.059343346310971157e-03 5.342065998457545817e+00
-9.768153596569824071e-01 8.263008768417237082e-01 -1.779062957034878600e+00
6.861642201781477102e-01 -8.103066104417031568e-01 9.608620218358755238e+00
-8.755436953770123765e-01 2.709889546510497738e-01 1.272644559392374974e+00
-2.051355402658692206e-01 3.191735542279339199e-01 2.199343814499649330e+00
7.797312415900752303e-01 9.732632380525423343e-01 5.417936983612113844e-01
2.829733123085871327e-01 -4.956872264413560991e-01 7.272980953691627448e+00
-4.638866464031097259e-01 7.365211016996009441e-01 -4.145836195339991925e-01
9.460313979507162241e-01 -5.728881014251976378e-01 8.835725932758158763e+00
4.735384452557347412e-01 -9.742173610337760969e-01 1.008394534077708293e+01
4.676466841161115440e-01 -3.486228189673479250e-03 5.049534404748601268e+00
-9.821400734862915094e-01 7.014060560829165070e-01 -1.142003605915757225e+00
4.470140932602686412e-01 3.231002061563634786e-01 3.323072139084044085e+00
-2.236093041243465418e-01 -1.476376669662644581e-01 4.582944210815231401e+00
-6.198232526207214654e-02 6.400652331279581553e-01 7.896807162301925365e-01
-2.064719871316940125e-01 -7.433083117621519520e-01 7.695935702508587717e+00
-5.880323984525659409e-01 4.952565885157493852e-01 6.163088246823343885e-01
-2.386931081660759180e-01 -7.881479892010090360e-02 4.200286307591500012e+00
6.290422132022748247e-01 -9.500547205878282497e-01 1.023168684127371364e+01
2.091029683694811681e-01 3.287655648329512736e-02 4.407779479173815851e+00
5.996221059777138152e-01 -6.534380791441025682e-01 8.644919237549062885e+00
-4.836570655071685820e-01 -8.978672765090882635e-01 8.009605231104842460e+00
-2.963036333300754777e-01 8.339750903747600308e-01 -6.249753944651211812e-01
-7.909241537897169216e-01 -6.949493074203605403e-01 6.420360030092592929e+00
5.631028779323972167e-01 -2.137800575429986694e-01 6.305378870096840949e+00
-1.338641060742147282e-01 -8.368930210054166263e-01 8.307663098681338454e+00
-1.382308746844451708e-01 3.256736616288096187e-01 2.283071431691384934e+00
1.602518160775032730e-01 -1.379427831009638616e-02 4.563628644972565596e+00
5.788332041251282867e-01 5.621414811712441839e-01 2.317147387630724698e+00
8.802806367579714131e-01 7.554335504077556163e-01 1.845575319122639169e+00
8.737902858634709613e-01 3.475740977997416881e-01 3.945089648182517283e+00
-3.099827991713846043e-01 -8.328681399978512534e-01 7.977871165754517158e+00
-9.647698889793576704e-01 1.048215607712910113e-01 1.976126086074278643e+00
3.568893330009750287e-01 -6.589534458371342218e-01 8.247643877231860543e+00
-5.880519107800727951e-01 -4.970465237296901595e-01 5.751996778922261022e+00
7.931700776478105563e-01 -7.543172955922807787e-01 9.506562166879472642e+00
8.959621692281130034e-01 -8.017084576393007644e-02 6.197803977633662420e+00
1.542831906982473633e-01 -2.330378749279251593e-01 5.687865946667712613e+00
2.974339400007723899e-01 -5.019048172906548366e-01 7.330528397892867254e+00
8.008389422991397666e-01 8.151201040589923785e-01 1.397301389023562379e+00
-6.500101187289402116e-01 -1.650941657352076319e-01 3.925266295677646955e+00
4.743006370550115758e-01 -2.568500101821757919e-01 6.372506196117471156e+00
8.739610530445438563e-01 6.261070358635809630e-01 2.503825880794252168e+00
-4.871824076846382745e-01 1.585735719176739611e-01 2.535750055625699773e+00
5.558438723140184390e-01 5.926552566449649895e-02 4.879481347661756452e+00
5.288422037012436849e-01 -6.153688763251490279e-01 8.323722338356814632e+00
-9.999180118553239183e-01 8.938417218915548634e-01 -2.169152954921437004e+00
-7.223436012489656832e-01 1.435125180955743041e-02 1.932463641769612828e-01
2.719848266550106697e-01 -7.317894477938731157e-01 9.437863321307597975e-01
7.483763092415236517e-01 -1.518094543556636200e-01 1.356778120577999402e-01
-1.035623936824066060e-01 4.179363232567026021e-01 -5.357628711024875479e-02
2.518675860285004564e-01 -7.208603324530384882e-01 3.673466699852490081e-01
8.881398787008709661e-01 -3.425340688266236278e-01 -6.318940117588740524e-01
4.587188387776621745e-01 -7.964228364880931998e-02 1.453515108243530474e-01
-5.410563877195340154e-02 -6.721704535740018471e-01 5.226060856176302227e-01
-3.191292856089216201e-01 7.652519759020741663e-01 -5.745503603341730603e-01
8.928846989295806669e-01 -4.066759547938572084e-01 -8.042964851486704703e-01
-4.541043998186251596e-01 5.868272095072561978e-01 1.887659275150450622e-01
5.658858742677685960e-01 7.124763561350113683e-01 3.128043082991776025e-01
-8.819446044519885231e-01 -3.982128287215602747e-01 -9.902839266516390015e-01
3.657252131852484212e-01 9.203789192124167684e-01 7.051991674226099072e-01
-6.229975983929292305e-01 -3.373400105921451342e-01 7.141359059571352752e-01
6.936429067630272005e-01 5.275739302957438426e-01 -8.646954531197412752e-01
-8.716422949955813237e-01 4.033892337623803392e-01 -2.264269547452966158e-01
-7.686822979282332824e-01 8.354270499048666032e-01 1.375767800318050682e-02
3.666227053908954758e-04 6.949347826944829443e-02 7.769568397052233344e-01
-6.814654934627735194e-01 -2.446708303843749821e-01 -8.353434944166291398e-01
6.718383172823199079e-01 5.199432557456500348e-01 -9.850631643565821438e-01
-2.139928384656539784e-01 8.803255482665193199e-01 -6.269300381664659749e-01
1.128219908534240368e-01 1.240070835008697525e-01 -7.851731169034164015e-01
7.090792952321638420e-01 7.561292790256772811e-01 2.904853008974372930e-01
9.237846872526218611e-01 -7.680949437337749597e-01 9.450959204369175914e-01
2.429661005824994557e-01 6.689887944807553222e-01 -5.278742136392562401e-01
-1.252741900752125659e-01 -6.461507993342003875e-01 -6.697778980912483249e-01
-6.489328073689237808e-01 8.021713835391861558e-01 -4.375658201273211478e-01
8.961653112442458102e-01 -7.452500947817106702e-01 4.851259464572572622e-01
4.019621263319785864e-01 2.782440241978336726e-01 -8.396330160188971714e-01
